Processing: Element stiffness matrix, full integration.......

Full Integration Points (2x2 Quadrature):
GP0: (ξ=-0.5774, η=-0.5774), weight=(1.0000, 1.0000)
GP1: (ξ=0.5774, η=-0.5774), weight=(1.0000, 1.0000) 
GP2: (ξ=0.5774, η=0.5774), weight=(1.0000, 1.0000)
GP3: (ξ=-0.5774, η=0.5774), weight=(1.0000, 1.0000)
Element 1:
 [[ 8.6293e+10  3.9950e+10 -3.3558e+10  4.7940e+09 -4.3146e+10 -3.9950e+10 -9.5881e+09 -4.7940e+09]
 [ 3.9950e+10  1.3068e+11 -4.7940e+09  4.1903e+10 -3.9950e+10 -6.5341e+10  4.7940e+09 -1.0724e+11]
 [-3.3558e+10 -4.7940e+09  8.6293e+10 -3.9950e+10 -9.5881e+09  4.7940e+09 -4.3146e+10  3.9950e+10]
 [ 4.7940e+09  4.1903e+10 -3.9950e+10  1.3068e+11 -4.7940e+09 -1.0724e+11  3.9950e+10 -6.5341e+10]
 [-4.3146e+10 -3.9950e+10 -9.5881e+09 -4.7940e+09  8.6293e+10  3.9950e+10 -3.3558e+10  4.7940e+09]
 [-3.9950e+10 -6.5341e+10  4.7940e+09 -1.0724e+11  3.9950e+10  1.3068e+11 -4.7940e+09  4.1903e+10]
 [-9.5881e+09  4.7940e+09 -4.3146e+10  3.9950e+10 -3.3558e+10 -4.7940e+09  8.6293e+10 -3.9950e+10]
 [-4.7940e+09 -1.0724e+11  3.9950e+10 -6.5341e+10  4.7940e+09  4.1903e+10 -3.9950e+10  1.3068e+11]]

Processing: Element stiffness matrix, full integration.......

Full Integration Points (2x2 Quadrature):
GP0: (ξ=-0.5774, η=-0.5774), weight=(1.0000, 1.0000)
GP1: (ξ=0.5774, η=-0.5774), weight=(1.0000, 1.0000)
GP2: (ξ=0.5774, η=0.5774), weight=(1.0000, 1.0000)
GP3: (ξ=-0.5774, η=0.5774), weight=(1.0000, 1.0000)
Element 2:
 [[ 8.6293e+10  3.9950e+10 -3.3558e+10  4.7940e+09 -4.3146e+10 -3.9950e+10 -9.5881e+09 -4.7940e+09]
 [ 3.9950e+10  1.3068e+11 -4.7940e+09  4.1903e+10 -3.9950e+10 -6.5341e+10  4.7940e+09 -1.0724e+11]
 [-3.3558e+10 -4.7940e+09  8.6293e+10 -3.9950e+10 -9.5881e+09  4.7940e+09 -4.3146e+10  3.9950e+10]
 [ 4.7940e+09  4.1903e+10 -3.9950e+10  1.3068e+11 -4.7940e+09 -1.0724e+11  3.9950e+10 -6.5341e+10]
 [-4.3146e+10 -3.9950e+10 -9.5881e+09 -4.7940e+09  8.6293e+10  3.9950e+10 -3.3558e+10  4.7940e+09]
 [-3.9950e+10 -6.5341e+10  4.7940e+09 -1.0724e+11  3.9950e+10  1.3068e+11 -4.7940e+09  4.1903e+10]
 [-9.5881e+09  4.7940e+09 -4.3146e+10  3.9950e+10 -3.3558e+10 -4.7940e+09  8.6293e+10 -3.9950e+10]
 [-4.7940e+09 -1.0724e+11  3.9950e+10 -6.5341e+10  4.7940e+09  4.1903e+10 -3.9950e+10  1.3068e+11]]

Processing: Element stiffness matrix, full integration.......

Full Integration Points (2x2 Quadrature):
GP0: (ξ=-0.5774, η=-0.5774), weight=(1.0000, 1.0000)
GP1: (ξ=0.5774, η=-0.5774), weight=(1.0000, 1.0000)
GP2: (ξ=0.5774, η=0.5774), weight=(1.0000, 1.0000)
GP3: (ξ=-0.5774, η=0.5774), weight=(1.0000, 1.0000)
Element 3:
 [[ 8.6293e+10  3.9950e+10 -3.3558e+10  4.7940e+09 -4.3146e+10 -3.9950e+10 -9.5881e+09 -4.7940e+09]
 [ 3.9950e+10  1.3068e+11 -4.7940e+09  4.1903e+10 -3.9950e+10 -6.5341e+10  4.7940e+09 -1.0724e+11]
 [-3.3558e+10 -4.7940e+09  8.6293e+10 -3.9950e+10 -9.5881e+09  4.7940e+09 -4.3146e+10  3.9950e+10]
 [ 4.7940e+09  4.1903e+10 -3.9950e+10  1.3068e+11 -4.7940e+09 -1.0724e+11  3.9950e+10 -6.5341e+10]
 [-4.3146e+10 -3.9950e+10 -9.5881e+09 -4.7940e+09  8.6293e+10  3.9950e+10 -3.3558e+10  4.7940e+09]
 [-3.9950e+10 -6.5341e+10  4.7940e+09 -1.0724e+11  3.9950e+10  1.3068e+11 -4.7940e+09  4.1903e+10]
 [-9.5881e+09  4.7940e+09 -4.3146e+10  3.9950e+10 -3.3558e+10 -4.7940e+09  8.6293e+10 -3.9950e+10]
 [-4.7940e+09 -1.0724e+11  3.9950e+10 -6.5341e+10  4.7940e+09  4.1903e+10 -3.9950e+10  1.3068e+11]]

Processing: Element stiffness matrix, full integration.......

Full Integration Points (2x2 Quadrature):
GP0: (ξ=-0.5774, η=-0.5774), weight=(1.0000, 1.0000)
GP1: (ξ=0.5774, η=-0.5774), weight=(1.0000, 1.0000)
GP2: (ξ=0.5774, η=0.5774), weight=(1.0000, 1.0000)
GP3: (ξ=-0.5774, η=0.5774), weight=(1.0000, 1.0000)
Element 4:
 [[ 8.6293e+10  3.9950e+10 -3.3558e+10  4.7940e+09 -4.3146e+10 -3.9950e+10 -9.5881e+09 -4.7940e+09]
 [ 3.9950e+10  1.3068e+11 -4.7940e+09  4.1903e+10 -3.9950e+10 -6.5341e+10  4.7940e+09 -1.0724e+11]
 [-3.3558e+10 -4.7940e+09  8.6293e+10 -3.9950e+10 -9.5881e+09  4.7940e+09 -4.3146e+10  3.9950e+10]
 [ 4.7940e+09  4.1903e+10 -3.9950e+10  1.3068e+11 -4.7940e+09 -1.0724e+11  3.9950e+10 -6.5341e+10]
 [-4.3146e+10 -3.9950e+10 -9.5881e+09 -4.7940e+09  8.6293e+10  3.9950e+10 -3.3558e+10  4.7940e+09]
 [-3.9950e+10 -6.5341e+10  4.7940e+09 -1.0724e+11  3.9950e+10  1.3068e+11 -4.7940e+09  4.1903e+10]
 [-9.5881e+09  4.7940e+09 -4.3146e+10  3.9950e+10 -3.3558e+10 -4.7940e+09  8.6293e+10 -3.9950e+10]
 [-4.7940e+09 -1.0724e+11  3.9950e+10 -6.5341e+10  4.7940e+09  4.1903e+10 -3.9950e+10  1.3068e+11]]

Global Stiffness Matrix (K):
 [[ 8.6293e+10 -3.9950e+10 -3.3558e+10 -4.7940e+09  0.0000e+00  0.0000e+00  0.0000e+00  0.0000e+00 -9.5881e+09  4.7940e+09 -4.3146e+10  3.9950e+10  0.0000e+00  0.0000e+00  0.0000e+00  0.0000e+00  0.0000e+00  0.0000e+00  0.0000e+00  0.0000e+00]
 [-3.9950e+10  1.3068e+11  4.7940e+09  4.1903e+10  0.0000e+00  0.0000e+00  0.0000e+00  0.0000e+00 -4.7940e+09 -1.0724e+11  3.9950e+10 -6.5341e+10  0.0000e+00  0.0000e+00  0.0000e+00  0.0000e+00  0.0000e+00  0.0000e+00  0.0000e+00  0.0000e+00]
 [-3.3558e+10  4.7940e+09  1.7259e+11  0.0000e+00 -3.3558e+10 -4.7940e+09  0.0000e+00  0.0000e+00 -4.3146e+10 -3.9950e+10 -1.9176e+10  0.0000e+00 -4.3146e+10  3.9950e+10  0.0000e+00  0.0000e+00  0.0000e+00  0.0000e+00  0.0000e+00  0.0000e+00]
 [-4.7940e+09  4.1903e+10  0.0000e+00  2.6136e+11  4.7940e+09  4.1903e+10  0.0000e+00  0.0000e+00 -3.9950e+10 -6.5341e+10 -9.5367e-07 -2.1449e+11  3.9950e+10 -6.5341e+10  0.0000e+00  0.0000e+00  0.0000e+00  0.0000e+00  0.0000e+00  0.0000e+00]
 [ 0.0000e+00  0.0000e+00 -3.3558e+10  4.7940e+09  1.7259e+11  1.5259e-05 -3.3558e+10 -4.7940e+09  0.0000e+00  0.0000e+00 -4.3146e+10 -3.9950e+10 -1.9176e+10 -9.5367e-07 -4.3146e+10  3.9950e+10  0.0000e+00  0.0000e+00  0.0000e+00  0.0000e+00]
 [ 0.0000e+00  0.0000e+00 -4.7940e+09  4.1903e+10  1.5259e-05  2.6136e+11  4.7940e+09  4.1903e+10  0.0000e+00  0.0000e+00 -3.9950e+10 -6.5341e+10  1.9073e-06 -2.1449e+11  3.9950e+10 -6.5341e+10  0.0000e+00  0.0000e+00  0.0000e+00  0.0000e+00]
 [ 0.0000e+00  0.0000e+00  0.0000e+00  0.0000e+00 -3.3558e+10  4.7940e+09  8.6293e+10  3.9950e+10  0.0000e+00  0.0000e+00  0.0000e+00  0.0000e+00 -4.3146e+10 -3.9950e+10 -9.5881e+09 -4.7940e+09  0.0000e+00  0.0000e+00  0.0000e+00  0.0000e+00]
 [ 0.0000e+00  0.0000e+00  0.0000e+00  0.0000e+00 -4.7940e+09  4.1903e+10  3.9950e+10  1.3068e+11  0.0000e+00  0.0000e+00  0.0000e+00  0.0000e+00 -3.9950e+10 -6.5341e+10  4.7940e+09 -1.0724e+11  0.0000e+00  0.0000e+00  0.0000e+00  0.0000e+00]
 [-9.5881e+09 -4.7940e+09 -4.3146e+10 -3.9950e+10  0.0000e+00  0.0000e+00  0.0000e+00  0.0000e+00  8.6293e+10  3.9950e+10 -3.3558e+10  4.7940e+09  0.0000e+00  0.0000e+00  0.0000e+00  0.0000e+00  0.0000e+00  0.0000e+00  0.0000e+00  0.0000e+00]
 [ 4.7940e+09 -1.0724e+11 -3.9950e+10 -6.5341e+10  0.0000e+00  0.0000e+00  0.0000e+00  0.0000e+00  3.9950e+10  1.3068e+11 -4.7940e+09  4.1903e+10  0.0000e+00  0.0000e+00  0.0000e+00  0.0000e+00  0.0000e+00  0.0000e+00  0.0000e+00  0.0000e+00]
 [-4.3146e+10  3.9950e+10 -1.9176e+10  9.5367e-07 -4.3146e+10 -3.9950e+10  0.0000e+00  0.0000e+00 -3.3558e+10 -4.7940e+09  1.7259e+11  0.0000e+00 -3.3558e+10  4.7940e+09  0.0000e+00  0.0000e+00  0.0000e+00  0.0000e+00  0.0000e+00  0.0000e+00]
 [ 3.9950e+10 -6.5341e+10  0.0000e+00 -2.1449e+11 -3.9950e+10 -6.5341e+10  0.0000e+00  0.0000e+00  4.7940e+09  4.1903e+10  0.0000e+00  2.6136e+11 -4.7940e+09  4.1903e+10  0.0000e+00  0.0000e+00  0.0000e+00  0.0000e+00  0.0000e+00  0.0000e+00]
 [ 0.0000e+00  0.0000e+00 -4.3146e+10  3.9950e+10 -1.9176e+10  1.9073e-06 -4.3146e+10 -3.9950e+10  0.0000e+00  0.0000e+00 -3.3558e+10 -4.7940e+09  2.5888e+11 -3.9950e+10 -6.7116e+10  0.0000e+00 -9.5881e+09  4.7940e+09 -4.3146e+10  3.9950e+10]
 [ 0.0000e+00  0.0000e+00  3.9950e+10 -6.5341e+10 -2.8610e-06 -2.1449e+11 -3.9950e+10 -6.5341e+10  0.0000e+00  0.0000e+00  4.7940e+09  4.1903e+10 -3.9950e+10  3.9205e+11  0.0000e+00  8.3807e+10 -4.7940e+09 -1.0724e+11  3.9950e+10 -6.5341e+10]
 [ 0.0000e+00  0.0000e+00  0.0000e+00  0.0000e+00 -4.3146e+10  3.9950e+10 -9.5881e+09  4.7940e+09  0.0000e+00  0.0000e+00  0.0000e+00  0.0000e+00 -6.7116e+10  0.0000e+00  1.7259e+11  0.0000e+00 -4.3146e+10 -3.9950e+10 -9.5881e+09 -4.7940e+09]
 [ 0.0000e+00  0.0000e+00  0.0000e+00  0.0000e+00  3.9950e+10 -6.5341e+10 -4.7940e+09 -1.0724e+11  0.0000e+00  0.0000e+00  0.0000e+00  0.0000e+00  0.0000e+00  8.3807e+10  0.0000e+00  2.6136e+11 -3.9950e+10 -6.5341e+10  4.7940e+09 -1.0724e+11]
 [ 0.0000e+00  0.0000e+00  0.0000e+00  0.0000e+00  0.0000e+00  0.0000e+00  0.0000e+00  0.0000e+00  0.0000e+00  0.0000e+00  0.0000e+00  0.0000e+00 -9.5881e+09 -4.7940e+09 -4.3146e+10 -3.9950e+10  8.6293e+10  3.9950e+10 -3.3558e+10  4.7940e+09]
 [ 0.0000e+00  0.0000e+00  0.0000e+00  0.0000e+00  0.0000e+00  0.0000e+00  0.0000e+00  0.0000e+00  0.0000e+00  0.0000e+00  0.0000e+00  0.0000e+00  4.7940e+09 -1.0724e+11 -3.9950e+10 -6.5341e+10  3.9950e+10  1.3068e+11 -4.7940e+09  4.1903e+10]
 [ 0.0000e+00  0.0000e+00  0.0000e+00  0.0000e+00  0.0000e+00  0.0000e+00  0.0000e+00  0.0000e+00  0.0000e+00  0.0000e+00  0.0000e+00  0.0000e+00 -4.3146e+10  3.9950e+10 -9.5881e+09  4.7940e+09 -3.3558e+10 -4.7940e+09  8.6293e+10 -3.9950e+10]
 [ 0.0000e+00  0.0000e+00  0.0000e+00  0.0000e+00  0.0000e+00  0.0000e+00  0.0000e+00  0.0000e+00  0.0000e+00  0.0000e+00  0.0000e+00  0.0000e+00  3.9950e+10 -6.5341e+10 -4.7940e+09 -1.0724e+11  4.7940e+09  4.1903e+10 -3.9950e+10  1.3068e+11]]

Reduced Global Stiffness Matrix (K):
 [[ 1.7259e+11  0.0000e+00 -3.3558e+10 -4.7940e+09  0.0000e+00  0.0000e+00 -1.9176e+10  0.0000e+00 -4.3146e+10  3.9950e+10  0.0000e+00  0.0000e+00]
 [ 0.0000e+00  2.6136e+11  4.7940e+09  4.1903e+10  0.0000e+00  0.0000e+00 -9.5367e-07 -2.1449e+11  3.9950e+10 -6.5341e+10  0.0000e+00  0.0000e+00]
 [-3.3558e+10  4.7940e+09  1.7259e+11  1.5259e-05 -3.3558e+10 -4.7940e+09 -4.3146e+10 -3.9950e+10 -1.9176e+10 -9.5367e-07 -4.3146e+10  3.9950e+10]
 [-4.7940e+09  4.1903e+10  1.5259e-05  2.6136e+11  4.7940e+09  4.1903e+10 -3.9950e+10 -6.5341e+10  1.9073e-06 -2.1449e+11  3.9950e+10 -6.5341e+10]
 [ 0.0000e+00  0.0000e+00 -3.3558e+10  4.7940e+09  8.6293e+10  3.9950e+10  0.0000e+00  0.0000e+00 -4.3146e+10 -3.9950e+10 -9.5881e+09 -4.7940e+09]
 [ 0.0000e+00  0.0000e+00 -4.7940e+09  4.1903e+10  3.9950e+10  1.3068e+11  0.0000e+00  0.0000e+00 -3.9950e+10 -6.5341e+10  4.7940e+09 -1.0724e+11]
 [-1.9176e+10  9.5367e-07 -4.3146e+10 -3.9950e+10  0.0000e+00  0.0000e+00  1.7259e+11  0.0000e+00 -3.3558e+10  4.7940e+09  0.0000e+00  0.0000e+00]
 [ 0.0000e+00 -2.1449e+11 -3.9950e+10 -6.5341e+10  0.0000e+00  0.0000e+00  0.0000e+00  2.6136e+11 -4.7940e+09  4.1903e+10  0.0000e+00  0.0000e+00]
 [-4.3146e+10  3.9950e+10 -1.9176e+10  1.9073e-06 -4.3146e+10 -3.9950e+10 -3.3558e+10 -4.7940e+09  2.5888e+11 -3.9950e+10 -6.7116e+10  0.0000e+00]
 [ 3.9950e+10 -6.5341e+10 -2.8610e-06 -2.1449e+11 -3.9950e+10 -6.5341e+10  4.7940e+09  4.1903e+10 -3.9950e+10  3.9205e+11  0.0000e+00  8.3807e+10]
 [ 0.0000e+00  0.0000e+00 -4.3146e+10  3.9950e+10 -9.5881e+09  4.7940e+09  0.0000e+00  0.0000e+00 -6.7116e+10  0.0000e+00  1.7259e+11  0.0000e+00]
 [ 0.0000e+00  0.0000e+00  3.9950e+10 -6.5341e+10 -4.7940e+09 -1.0724e+11  0.0000e+00  0.0000e+00  0.0000e+00  8.3807e+10  0.0000e+00  2.6136e+11]]

Reduced Force Vector (f):
 [      0.      -90000.           0.      -45000.       15000.           0.      100000.     -173205.0808       0.           0.       15000.   
        0.    ]

Processing: Element stiffness matrix, full integration.......

Full Integration Points (2x2 Quadrature):
GP0: (ξ=-0.5774, η=-0.5774), weight=(1.0000, 1.0000)
GP1: (ξ=0.5774, η=-0.5774), weight=(1.0000, 1.0000)
GP2: (ξ=0.5774, η=0.5774), weight=(1.0000, 1.0000)
GP3: (ξ=-0.5774, η=0.5774), weight=(1.0000, 1.0000)

Processing: Element stiffness matrix, full integration.......

Full Integration Points (2x2 Quadrature):
GP0: (ξ=-0.5774, η=-0.5774), weight=(1.0000, 1.0000)
GP1: (ξ=0.5774, η=-0.5774), weight=(1.0000, 1.0000)
GP2: (ξ=0.5774, η=0.5774), weight=(1.0000, 1.0000)
GP3: (ξ=-0.5774, η=0.5774), weight=(1.0000, 1.0000)

Processing: Element stiffness matrix, full integration.......

Full Integration Points (2x2 Quadrature):
GP0: (ξ=-0.5774, η=-0.5774), weight=(1.0000, 1.0000)
GP1: (ξ=0.5774, η=-0.5774), weight=(1.0000, 1.0000)
GP2: (ξ=0.5774, η=0.5774), weight=(1.0000, 1.0000)
GP3: (ξ=-0.5774, η=0.5774), weight=(1.0000, 1.0000)

Processing: Element stiffness matrix, full integration.......

Full Integration Points (2x2 Quadrature):
GP0: (ξ=-0.5774, η=-0.5774), weight=(1.0000, 1.0000)
GP1: (ξ=0.5774, η=-0.5774), weight=(1.0000, 1.0000)
GP2: (ξ=0.5774, η=0.5774), weight=(1.0000, 1.0000)
GP3: (ξ=-0.5774, η=0.5774), weight=(1.0000, 1.0000)

Nodal Displacements (m):
Node 1: u_x = 0.000000e+00, u_y = 0.000000e+00
Node 2: u_x = 1.914727e-07, u_y = -3.641234e-06
Node 3: u_x = -6.464294e-07, u_y = -1.332487e-06
Node 4: u_x = -2.793274e-07, u_y = 3.119211e-07
Node 5: u_x = 0.000000e+00, u_y = 0.000000e+00
Node 6: u_x = 2.469188e-07, u_y = -3.929057e-06
Node 7: u_x = 4.686336e-07, u_y = -9.054158e-07
Node 8: u_x = 3.918161e-07, u_y = 1.788764e-07
Node 9: u_x = 0.000000e+00, u_y = 0.000000e+00
Node 10: u_x = 0.000000e+00, u_y = 0.000000e+00

Element Stresses (Pa):
Element 1:
  GP 1: σ_xx = 2.076257e+05,                   σ_yy = 1.401420e+05, σ_xy = -9.107364e+05
  GP 2: σ_xx = 2.819796e+05,                   σ_yy = 3.313376e+05, σ_xy = -9.219905e+05
  GP 3: σ_xx = 2.574250e+05,                   σ_yy = 3.217886e+05, σ_xy = -8.830433e+05
  GP 4: σ_xx = 1.830712e+05,                   σ_yy = 1.305930e+05, σ_xy = -8.717891e+05
Element 2:
  GP 1: σ_xx = 5.949303e+04,                   σ_yy = 1.566795e+05, σ_xy = 5.750418e+05
  GP 2: σ_xx = -1.251868e+05,                   σ_yy = -3.182115e+05, σ_xy = 3.599664e+05
  GP 3: σ_xx = -5.944423e+05,                   σ_yy = -5.006997e+05, σ_xy = 2.632294e+05
  GP 4: σ_xx = -4.097624e+05,                   σ_yy = -2.580875e+04, σ_xy = 4.783048e+05
Element 3:
  GP 1: σ_xx = -1.250930e+05,                   σ_yy = -3.501170e+05, σ_xy = -7.716069e+04
  GP 2: σ_xx = 1.960264e+04,                   σ_yy = 2.195744e+04, σ_xy = 1.294374e+04
  GP 3: σ_xx = 2.161941e+05,                   σ_yy = 9.840968e+04, σ_xy = 8.873668e+04
  GP 4: σ_xx = 7.149850e+04,                   σ_yy = -2.736648e+05, σ_xy = -1.367745e+03
Element 4:
  GP 1: σ_xx = -3.150477e+05,                   σ_yy = -7.829462e+05, σ_xy = 2.127511e+05
  GP 2: σ_xx = -3.494096e+04,                   σ_yy = -6.267167e+04, σ_xy = 1.971591e+05
  GP 3: σ_xx = -6.895988e+04,                   σ_yy = -7.590125e+04, σ_xy = 3.438817e+05
  GP 4: σ_xx = -3.490667e+05,                   σ_yy = -7.961758e+05, σ_xy = 3.594737e+05

Element Strain:
Element 1:
  GP 1: σ_xx = 7.840054e-07,             σ_yy = 3.041212e-07, σ_xy = -1.295269e-05
  GP 2: σ_xx = 7.840054e-07,             σ_yy = 1.134996e-06, σ_xy = -1.311275e-05
  GP 3: σ_xx = 6.772993e-07,             σ_yy = 1.134996e-06, σ_xy = -1.255884e-05
  GP 4: σ_xx = 6.772993e-07,             σ_yy = 3.041212e-07, σ_xy = -1.239878e-05
Element 2:
  GP 1: σ_xx = -7.361933e-09,             σ_yy = 6.837417e-07, σ_xy = 8.178373e-06
  GP 2: σ_xx = -7.361933e-09,             σ_yy = -1.379982e-06, σ_xy = 5.119522e-06
  GP 3: σ_xx = -2.046596e-06,             σ_yy = -1.379982e-06, σ_xy = 3.743706e-06
  GP 4: σ_xx = -2.046596e-06,             σ_yy = 6.837417e-07, σ_xy = 6.802557e-06
Element 3:
  GP 1: σ_xx = 5.664583e-08,             σ_yy = -1.543525e-06, σ_xy = -1.097396e-06
  GP 2: σ_xx = 5.664583e-08,             σ_yy = 7.339104e-08, σ_xy = 1.840887e-07
  GP 3: σ_xx = 9.109693e-07,             σ_yy = 7.339104e-08, σ_xy = 1.262033e-06
  GP 4: σ_xx = 9.109693e-07,             σ_yy = -1.543525e-06, σ_xy = -1.945237e-08
Element 4:
  GP 1: σ_xx = -5.411148e-08,             σ_yy = -3.381390e-06, σ_xy = 3.025794e-06
  GP 2: σ_xx = -5.411148e-08,             σ_yy = -2.513076e-07, σ_xy = 2.804041e-06
  GP 3: σ_xx = -2.019468e-07,             σ_yy = -2.513076e-07, σ_xy = 4.890762e-06
  GP 4: σ_xx = -2.019468e-07,             σ_yy = -3.381390e-06, σ_xy = 5.112515e-06

Element 1 mean stress: σ_xx = 2.325254e+05,               σ_yy = 2.309653e+05, σ_xy = -8.968898e+05

Element 2 mean stress: σ_xx = -2.674746e+05,               σ_yy = -1.720101e+05, σ_xy = 4.191356e+05

Element 3 mean stress: σ_xx = 4.555057e+04,               σ_yy = -1.258537e+05, σ_xy = 5.787997e+03

Element 4 mean stress: σ_xx = -1.920038e+05,               σ_yy = -4.294237e+05, σ_xy = 2.783164e+05

Element 1 mean strain: ε_xx = 7.306524e-07,               ε_yy = 7.195585e-07, ε_xy = -1.275577e-05

Element 2 mean strain: ε_xx = -1.026979e-06,               ε_yy = -3.481202e-07, ε_xy = 5.961040e-06

Element 3 mean strain: ε_xx = 4.838076e-07,               ε_yy = -7.350670e-07, ε_xy = 8.231818e-08

Element 4 mean strain: ε_xx = -1.280291e-07,               ε_yy = -1.816349e-06, ε_xy = 3.958278e-06

Global mass matrix:
[[ 52.2    0.    26.1    0.     0.     0.     0.     0.    26.1    0.    13.05   0.     0.     0.     0.     0.     0.     0.     0.     0.  ] 
 [  0.    52.2    0.    26.1    0.     0.     0.     0.     0.    26.1    0.    13.05   0.     0.     0.     0.     0.     0.     0.     0.  ] 
 [ 26.1    0.   104.4    0.    26.1    0.     0.     0.    13.05   0.    52.2    0.    13.05   0.     0.     0.     0.     0.     0.     0.  ] 
 [  0.    26.1    0.   104.4    0.    26.1    0.     0.     0.    13.05   0.    52.2    0.    13.05   0.     0.     0.     0.     0.     0.  ] 
 [  0.     0.    26.1    0.   104.4    0.    26.1    0.     0.     0.    13.05   0.    52.2    0.    13.05   0.     0.     0.     0.     0.  ] 
 [  0.     0.     0.    26.1    0.   104.4    0.    26.1    0.     0.     0.    13.05   0.    52.2    0.    13.05   0.     0.     0.     0.  ] 
 [  0.     0.     0.     0.    26.1    0.    52.2    0.     0.     0.     0.     0.    13.05   0.    26.1    0.     0.     0.     0.     0.  ] 
 [  0.     0.     0.     0.     0.    26.1    0.    52.2    0.     0.     0.     0.     0.    13.05   0.    26.1    0.     0.     0.     0.  ] 
 [ 26.1    0.    13.05   0.     0.     0.     0.     0.    52.2    0.    26.1    0.     0.     0.     0.     0.     0.     0.     0.     0.  ] 
 [  0.    26.1    0.    13.05   0.     0.     0.     0.     0.    52.2    0.    26.1    0.     0.     0.     0.     0.     0.     0.     0.  ] 
 [ 13.05   0.    52.2    0.    13.05   0.     0.     0.    26.1    0.   104.4    0.    26.1    0.     0.     0.     0.     0.     0.     0.  ] 
 [  0.    13.05   0.    52.2    0.    13.05   0.     0.     0.    26.1    0.   104.4    0.    26.1    0.     0.     0.     0.     0.     0.  ] 
 [  0.     0.    13.05   0.    52.2    0.    13.05   0.     0.     0.    26.1    0.   156.6    0.    52.2    0.    26.1    0.    13.05   0.  ] 
 [  0.     0.     0.    13.05   0.    52.2    0.    13.05   0.     0.     0.    26.1    0.   156.6    0.    52.2    0.    26.1    0.    13.05] 
 [  0.     0.     0.     0.    13.05   0.    26.1    0.     0.     0.     0.     0.    52.2    0.   104.4    0.    13.05   0.    26.1    0.  ] 
 [  0.     0.     0.     0.     0.    13.05   0.    26.1    0.     0.     0.     0.     0.    52.2    0.   104.4    0.    13.05   0.    26.1 ] 
 [  0.     0.     0.     0.     0.     0.     0.     0.     0.     0.     0.     0.    26.1    0.    13.05   0.    52.2    0.    26.1    0.  ] 
 [  0.     0.     0.     0.     0.     0.     0.     0.     0.     0.     0.     0.     0.    26.1    0.    13.05   0.    52.2    0.    26.1 ] 
 [  0.     0.     0.     0.     0.     0.     0.     0.     0.     0.     0.     0.    13.05   0.    26.1    0.    26.1    0.    52.2    0.  ] 
 [  0.     0.     0.     0.     0.     0.     0.     0.     0.     0.     0.     0.     0.    13.05   0.    26.1    0.    26.1    0.    52.2 ]]
Reduced mass matrix:
 [[104.4    0.    26.1    0.     0.     0.    52.2    0.    13.05   0.     0.     0.  ]
 [  0.   104.4    0.    26.1    0.     0.     0.    52.2    0.    13.05   0.     0.  ]
 [ 26.1    0.   104.4    0.    26.1    0.    13.05   0.    52.2    0.    13.05   0.  ]
 [  0.    26.1    0.   104.4    0.    26.1    0.    13.05   0.    52.2    0.    13.05]
 [  0.     0.    26.1    0.    52.2    0.     0.     0.    13.05   0.    26.1    0.  ]
 [  0.     0.     0.    26.1    0.    52.2    0.     0.     0.    13.05   0.    26.1 ]
 [ 52.2    0.    13.05   0.     0.     0.   104.4    0.    26.1    0.     0.     0.  ]
 [  0.    52.2    0.    13.05   0.     0.     0.   104.4    0.    26.1    0.     0.  ]
 [ 13.05   0.    52.2    0.    13.05   0.    26.1    0.   156.6    0.    52.2    0.  ]
 [  0.    13.05   0.    52.2    0.    13.05   0.    26.1    0.   156.6    0.    52.2 ]
 [  0.     0.    13.05   0.    26.1    0.     0.     0.    52.2    0.   104.4    0.  ]
 [  0.     0.     0.    13.05   0.    26.1    0.     0.     0.    52.2    0.   104.4 ]]

Eigenfrequencies (Hz):
Mode 1: f = 1698.533425 Hz
Mode 2: f = 2213.226430 Hz
Mode 3: f = 3314.380085 Hz
Mode 4: f = 4741.907669 Hz

Mode Shapes:
Mode 1: [ 0.      0.      0.0126  0.0213  0.0335  0.0162  0.0408 -0.0125  0.      0.      0.0192  0.0265  0.019   0.0153  0.0175 -0.0106  0.   
   0.      0.      0.    ]
Mode 2: [ 0.      0.     -0.0128  0.0385 -0.0129  0.0208 -0.0199  0.0098  0.      0.     -0.0058  0.0371 -0.0179  0.0139 -0.0206  0.0079  0.   
   0.      0.      0.    ]
Mode 3: [ 0.      0.      0.0028 -0.0257 -0.0076  0.0268 -0.0115  0.0561  0.      0.      0.0124 -0.0235  0.0195  0.0224 -0.0016  0.0344  0.   
   0.      0.      0.    ]
Mode 4: [ 0.      0.     -0.0449 -0.0166 -0.0066  0.0266  0.0593 -0.0365  0.      0.     -0.0305 -0.0186 -0.0008  0.0326  0.0076 -0.0201  0.   
   0.      0.      0.    ]

Extrapolated data:

Node       Element    Stress XX       Stress YY       Stress XY       Strain XX       Strain YY       Strain XY
--------------------------------------------------------------------------------------------------------------------
5          1          1.893979e+05    7.365474e+04    -9.208727e+05   8.230625e-07    3.418139e-22    -1.309686e-05
6          1          3.181825e+05    4.048152e+05    -9.403655e+05   8.230625e-07    1.439117e-06    -1.337409e-05
2          1          2.756529e+05    3.882759e+05    -8.729069e+05   6.382422e-07    1.439117e-06    -1.241468e-05
1          1          1.468682e+05    5.711543e+04    -8.534141e+05   6.382422e-07    3.331820e-22    -1.213745e-05
6          2          2.988500e+05    3.972970e+05    6.891731e+05    7.390494e-07    1.439117e-06    9.801573e-06
7          2          -2.102488e+04   -4.252383e+05   3.166516e+05    7.390494e-07    -2.135357e-06   4.503489e-06
3          2          -8.337992e+05   -7.413172e+05   1.490981e+05    -2.793007e-06   -2.135357e-06   2.120506e-06
2          2          -5.139243e+05   8.121808e+04    5.216196e+05    -2.793007e-06   1.439117e-06    7.418590e-06
7          3          -2.500127e+05   -5.142892e+05   -1.378833e+05   -2.560583e-07   -2.135357e-06   -1.961007e-06
8          3          6.074395e+02    1.301627e+05    1.818211e+04    -2.560583e-07   6.652234e-07    2.585900e-07
4          3          3.411139e+05    2.625818e+05    1.494593e+05    1.223673e-06    6.652234e-07    2.125644e-06
3          3          9.049370e+04    -3.818700e+05   -6.606112e+03   1.223673e-06    -2.135357e-06   -9.395359e-08
9          4          -4.051221e+05   -1.041743e+06   1.647540e+05    1.930866e-23    -4.527079e-06   2.343168e-06
10         4          8.003702e+04    2.058095e+05    1.377478e+05    -9.935185e-24   8.943819e-07    1.959080e-06
8          4          2.111452e+04    1.828952e+05    3.918788e+05    -2.560583e-07   8.943819e-07    5.573388e-06
7          4          -4.640446e+05   -1.064657e+06   4.188850e+05    -2.560583e-07   -4.527079e-06   5.957475e-06

Extrapolated data - Nodal average:

Node       Element    Stress XX       Stress YY       Stress XY       Strain XX       Strain YY       Strain XY
--------------------------------------------------------------------------------------------------------------------
5          1          1.893979e+05    7.365474e+04    -9.208727e+05   8.230625e-07    3.418139e-22    -1.309686e-05
6          1          3.085162e+05    4.010561e+05    -1.255962e+05   7.810559e-07    1.439117e-06    -1.786257e-06
2          1          -1.191357e+05   2.347470e+05    -1.756436e+05   -1.077382e-06   1.439117e-06    -2.498043e-06
1          1          1.468682e+05    5.711543e+04    -8.534141e+05   6.382422e-07    3.331820e-22    -1.213745e-05
6          2          3.085162e+05    4.010561e+05    -1.255962e+05   7.810559e-07    1.439117e-06    -1.786257e-06
7          2          -2.450274e+05   -6.680615e+05   1.992177e+05    7.564429e-08    -2.932598e-06   2.833319e-06
3          2          -3.716527e+05   -5.615936e+05   7.124598e+04    -7.846668e-07   -2.135357e-06   1.013276e-06
2          2          -1.191357e+05   2.347470e+05    -1.756436e+05   -1.077382e-06   1.439117e-06    -2.498043e-06
7          3          -2.450274e+05   -6.680615e+05   1.992177e+05    7.564429e-08    -2.932598e-06   2.833319e-06
8          3          1.086098e+04    1.565289e+05    2.050305e+05    -2.560583e-07   7.798027e-07    2.915989e-06
4          3          3.411139e+05    2.625818e+05    1.494593e+05    1.223673e-06    6.652234e-07    2.125644e-06
3          3          -3.716527e+05   -5.615936e+05   7.124598e+04    -7.846668e-07   -2.135357e-06   1.013276e-06
9          4          -4.051221e+05   -1.041743e+06   1.647540e+05    1.930866e-23    -4.527079e-06   2.343168e-06
10         4          8.003702e+04    2.058095e+05    1.377478e+05    -9.935185e-24   8.943819e-07    1.959080e-06
8          4          1.086098e+04    1.565289e+05    2.050305e+05    -2.560583e-07   7.798027e-07    2.915989e-06
7          4          -2.450274e+05   -6.680615e+05   1.992177e+05    7.564429e-08    -2.932598e-06   2.833319e-06