Element Stiffness Matrix (Ke):

Processing: Element, selective reduced integration

Normalizing volumetric B_vol matrix......
GP0: (ξ=-0.5774, η=-0.5774), weight=(1.0000, 1.0000)
GP1: (ξ=0.5774, η=-0.5774), weight=(1.0000, 1.0000)
GP2: (ξ=0.5774, η=0.5774), weight=(1.0000, 1.0000)
GP3: (ξ=-0.5774, η=0.5774), weight=(1.0000, 1.0000)

Correction of B matrix......
GP0: (ξ=-0.5774, η=-0.5774), weight=(1.0000, 1.0000)
GP1: (ξ=0.5774, η=-0.5774), weight=(1.0000, 1.0000)
GP2: (ξ=0.5774, η=0.5774), weight=(1.0000, 1.0000)
GP3: (ξ=-0.5774, η=0.5774), weight=(1.0000, 1.0000)
Element 1:
 [[ 7.7415e+10  3.9950e+10 -2.4680e+10  4.7940e+09 -5.2024e+10 -3.9950e+10 -7.1023e+08 -4.7940e+09]
 [ 3.9950e+10  1.1071e+11 -4.7940e+09  6.1879e+10 -3.9950e+10 -8.5316e+10  4.7940e+09 -8.7269e+10]
 [-2.4680e+10 -4.7940e+09  7.7415e+10 -3.9950e+10 -7.1023e+08  4.7940e+09 -5.2024e+10  3.9950e+10]
 [ 4.7940e+09  6.1879e+10 -3.9950e+10  1.1071e+11 -4.7940e+09 -8.7269e+10  3.9950e+10 -8.5316e+10]
 [-5.2024e+10 -3.9950e+10 -7.1023e+08 -4.7940e+09  7.7415e+10  3.9950e+10 -2.4680e+10  4.7940e+09]
 [-3.9950e+10 -8.5316e+10  4.7940e+09 -8.7269e+10  3.9950e+10  1.1071e+11 -4.7940e+09  6.1879e+10]
 [-7.1023e+08  4.7940e+09 -5.2024e+10  3.9950e+10 -2.4680e+10 -4.7940e+09  7.7415e+10 -3.9950e+10]
 [-4.7940e+09 -8.7269e+10  3.9950e+10 -8.5316e+10  4.7940e+09  6.1879e+10 -3.9950e+10  1.1071e+11]]

Processing: Element, selective reduced integration

Normalizing volumetric B_vol matrix......
GP0: (ξ=-0.5774, η=-0.5774), weight=(1.0000, 1.0000)
GP1: (ξ=0.5774, η=-0.5774), weight=(1.0000, 1.0000)
GP2: (ξ=0.5774, η=0.5774), weight=(1.0000, 1.0000)
GP3: (ξ=-0.5774, η=0.5774), weight=(1.0000, 1.0000)

Correction of B matrix......
GP0: (ξ=-0.5774, η=-0.5774), weight=(1.0000, 1.0000)
GP1: (ξ=0.5774, η=-0.5774), weight=(1.0000, 1.0000)
GP2: (ξ=0.5774, η=0.5774), weight=(1.0000, 1.0000)
GP3: (ξ=-0.5774, η=0.5774), weight=(1.0000, 1.0000)
Element 2:
 [[ 7.7415e+10  3.9950e+10 -2.4680e+10  4.7940e+09 -5.2024e+10 -3.9950e+10 -7.1023e+08 -4.7940e+09]
 [ 3.9950e+10  1.1071e+11 -4.7940e+09  6.1879e+10 -3.9950e+10 -8.5316e+10  4.7940e+09 -8.7269e+10]
 [-2.4680e+10 -4.7940e+09  7.7415e+10 -3.9950e+10 -7.1023e+08  4.7940e+09 -5.2024e+10  3.9950e+10]
 [ 4.7940e+09  6.1879e+10 -3.9950e+10  1.1071e+11 -4.7940e+09 -8.7269e+10  3.9950e+10 -8.5316e+10]
 [-5.2024e+10 -3.9950e+10 -7.1023e+08 -4.7940e+09  7.7415e+10  3.9950e+10 -2.4680e+10  4.7940e+09]
 [-3.9950e+10 -8.5316e+10  4.7940e+09 -8.7269e+10  3.9950e+10  1.1071e+11 -4.7940e+09  6.1879e+10]
 [-7.1023e+08  4.7940e+09 -5.2024e+10  3.9950e+10 -2.4680e+10 -4.7940e+09  7.7415e+10 -3.9950e+10]
 [-4.7940e+09 -8.7269e+10  3.9950e+10 -8.5316e+10  4.7940e+09  6.1879e+10 -3.9950e+10  1.1071e+11]]

Processing: Element, selective reduced integration

Normalizing volumetric B_vol matrix......
GP0: (ξ=-0.5774, η=-0.5774), weight=(1.0000, 1.0000)
GP1: (ξ=0.5774, η=-0.5774), weight=(1.0000, 1.0000)
GP2: (ξ=0.5774, η=0.5774), weight=(1.0000, 1.0000)
GP3: (ξ=-0.5774, η=0.5774), weight=(1.0000, 1.0000)

Correction of B matrix......
GP0: (ξ=-0.5774, η=-0.5774), weight=(1.0000, 1.0000)
GP1: (ξ=0.5774, η=-0.5774), weight=(1.0000, 1.0000)
GP2: (ξ=0.5774, η=0.5774), weight=(1.0000, 1.0000)
GP3: (ξ=-0.5774, η=0.5774), weight=(1.0000, 1.0000)
Element 3:
 [[ 7.7415e+10  3.9950e+10 -2.4680e+10  4.7940e+09 -5.2024e+10 -3.9950e+10 -7.1023e+08 -4.7940e+09]
 [ 3.9950e+10  1.1071e+11 -4.7940e+09  6.1879e+10 -3.9950e+10 -8.5316e+10  4.7940e+09 -8.7269e+10]
 [-2.4680e+10 -4.7940e+09  7.7415e+10 -3.9950e+10 -7.1023e+08  4.7940e+09 -5.2024e+10  3.9950e+10]
 [ 4.7940e+09  6.1879e+10 -3.9950e+10  1.1071e+11 -4.7940e+09 -8.7269e+10  3.9950e+10 -8.5316e+10]
 [-5.2024e+10 -3.9950e+10 -7.1023e+08 -4.7940e+09  7.7415e+10  3.9950e+10 -2.4680e+10  4.7940e+09]
 [-3.9950e+10 -8.5316e+10  4.7940e+09 -8.7269e+10  3.9950e+10  1.1071e+11 -4.7940e+09  6.1879e+10]
 [-7.1023e+08  4.7940e+09 -5.2024e+10  3.9950e+10 -2.4680e+10 -4.7940e+09  7.7415e+10 -3.9950e+10]
 [-4.7940e+09 -8.7269e+10  3.9950e+10 -8.5316e+10  4.7940e+09  6.1879e+10 -3.9950e+10  1.1071e+11]]

Processing: Element, selective reduced integration

Normalizing volumetric B_vol matrix......
GP0: (ξ=-0.5774, η=-0.5774), weight=(1.0000, 1.0000)
GP1: (ξ=0.5774, η=-0.5774), weight=(1.0000, 1.0000)
GP2: (ξ=0.5774, η=0.5774), weight=(1.0000, 1.0000)
GP3: (ξ=-0.5774, η=0.5774), weight=(1.0000, 1.0000)

Correction of B matrix......
GP0: (ξ=-0.5774, η=-0.5774), weight=(1.0000, 1.0000)
GP1: (ξ=0.5774, η=-0.5774), weight=(1.0000, 1.0000)
GP2: (ξ=0.5774, η=0.5774), weight=(1.0000, 1.0000)
GP3: (ξ=-0.5774, η=0.5774), weight=(1.0000, 1.0000)
Element 4:
 [[ 7.7415e+10  3.9950e+10 -2.4680e+10  4.7940e+09 -5.2024e+10 -3.9950e+10 -7.1023e+08 -4.7940e+09]
 [ 3.9950e+10  1.1071e+11 -4.7940e+09  6.1879e+10 -3.9950e+10 -8.5316e+10  4.7940e+09 -8.7269e+10]
 [-2.4680e+10 -4.7940e+09  7.7415e+10 -3.9950e+10 -7.1023e+08  4.7940e+09 -5.2024e+10  3.9950e+10]
 [ 4.7940e+09  6.1879e+10 -3.9950e+10  1.1071e+11 -4.7940e+09 -8.7269e+10  3.9950e+10 -8.5316e+10]
 [-5.2024e+10 -3.9950e+10 -7.1023e+08 -4.7940e+09  7.7415e+10  3.9950e+10 -2.4680e+10  4.7940e+09]
 [-3.9950e+10 -8.5316e+10  4.7940e+09 -8.7269e+10  3.9950e+10  1.1071e+11 -4.7940e+09  6.1879e+10]
 [-7.1023e+08  4.7940e+09 -5.2024e+10  3.9950e+10 -2.4680e+10 -4.7940e+09  7.7415e+10 -3.9950e+10]
 [-4.7940e+09 -8.7269e+10  3.9950e+10 -8.5316e+10  4.7940e+09  6.1879e+10 -3.9950e+10  1.1071e+11]]

Global Stiffness Matrix (K):
 [[ 7.7415e+10 -3.9950e+10 -2.4680e+10 -4.7940e+09  0.0000e+00  0.0000e+00  0.0000e+00  0.0000e+00 -7.1023e+08  4.7940e+09 -5.2024e+10  3.9950e+10  0.0000e+00  0.0000e+00  0.0000e+00  0.0000e+00  0.0000e+00  0.0000e+00  0.0000e+00  0.0000e+00]
 [-3.9950e+10  1.1071e+11  4.7940e+09  6.1879e+10  0.0000e+00  0.0000e+00  0.0000e+00  0.0000e+00 -4.7940e+09 -8.7269e+10  3.9950e+10 -8.5316e+10  0.0000e+00  0.0000e+00  0.0000e+00  0.0000e+00  0.0000e+00  0.0000e+00  0.0000e+00  0.0000e+00]
 [-2.4680e+10  4.7940e+09  1.5483e+11  0.0000e+00 -2.4680e+10 -4.7940e+09  0.0000e+00  0.0000e+00 -5.2024e+10 -3.9950e+10 -1.4205e+09 -9.5367e-07 -5.2024e+10  3.9950e+10  0.0000e+00  0.0000e+00  0.0000e+00  0.0000e+00  0.0000e+00  0.0000e+00]
 [-4.7940e+09  6.1879e+10  0.0000e+00  2.2141e+11  4.7940e+09  6.1879e+10  0.0000e+00  0.0000e+00 -3.9950e+10 -8.5316e+10 -1.9073e-06 -1.7454e+11  3.9950e+10 -8.5316e+10  0.0000e+00  0.0000e+00  0.0000e+00  0.0000e+00  0.0000e+00  0.0000e+00]
 [ 0.0000e+00  0.0000e+00 -2.4680e+10  4.7940e+09  1.5483e+11  7.6294e-06 -2.4680e+10 -4.7940e+09  0.0000e+00  0.0000e+00 -5.2024e+10 -3.9950e+10 -1.4205e+09  8.5831e-06 -5.2024e+10  3.9950e+10  0.0000e+00  0.0000e+00  0.0000e+00  0.0000e+00]
 [ 0.0000e+00  0.0000e+00 -4.7940e+09  6.1879e+10  7.6294e-06  2.2141e+11  4.7940e+09  6.1879e+10  0.0000e+00  0.0000e+00 -3.9950e+10 -8.5316e+10 -3.8147e-06 -1.7454e+11  3.9950e+10 -8.5316e+10  0.0000e+00  0.0000e+00  0.0000e+00  0.0000e+00]
 [ 0.0000e+00  0.0000e+00  0.0000e+00  0.0000e+00 -2.4680e+10  4.7940e+09  7.7415e+10  3.9950e+10  0.0000e+00  0.0000e+00  0.0000e+00  0.0000e+00 -5.2024e+10 -3.9950e+10 -7.1023e+08 -4.7940e+09  0.0000e+00  0.0000e+00  0.0000e+00  0.0000e+00]
 [ 0.0000e+00  0.0000e+00  0.0000e+00  0.0000e+00 -4.7940e+09  6.1879e+10  3.9950e+10  1.1071e+11  0.0000e+00  0.0000e+00  0.0000e+00  0.0000e+00 -3.9950e+10 -8.5316e+10  4.7940e+09 -8.7269e+10  0.0000e+00  0.0000e+00  0.0000e+00  0.0000e+00]
 [-7.1023e+08 -4.7940e+09 -5.2024e+10 -3.9950e+10  0.0000e+00  0.0000e+00  0.0000e+00  0.0000e+00  7.7415e+10  3.9950e+10 -2.4680e+10  4.7940e+09  0.0000e+00  0.0000e+00  0.0000e+00  0.0000e+00  0.0000e+00  0.0000e+00  0.0000e+00  0.0000e+00]
 [ 4.7940e+09 -8.7269e+10 -3.9950e+10 -8.5316e+10  0.0000e+00  0.0000e+00  0.0000e+00  0.0000e+00  3.9950e+10  1.1071e+11 -4.7940e+09  6.1879e+10  0.0000e+00  0.0000e+00  0.0000e+00  0.0000e+00  0.0000e+00  0.0000e+00  0.0000e+00  0.0000e+00]
 [-5.2024e+10  3.9950e+10 -1.4205e+09  9.5367e-07 -5.2024e+10 -3.9950e+10  0.0000e+00  0.0000e+00 -2.4680e+10 -4.7940e+09  1.5483e+11  0.0000e+00 -2.4680e+10  4.7940e+09  0.0000e+00  0.0000e+00  0.0000e+00  0.0000e+00  0.0000e+00  0.0000e+00]
 [ 3.9950e+10 -8.5316e+10  9.5367e-07 -1.7454e+11 -3.9950e+10 -8.5316e+10  0.0000e+00  0.0000e+00  4.7940e+09  6.1879e+10  0.0000e+00  2.2141e+11 -4.7940e+09  6.1879e+10  0.0000e+00  0.0000e+00  0.0000e+00  0.0000e+00  0.0000e+00  0.0000e+00]
 [ 0.0000e+00  0.0000e+00 -5.2024e+10  3.9950e+10 -1.4205e+09 -4.7684e-06 -5.2024e+10 -3.9950e+10  0.0000e+00  0.0000e+00 -2.4680e+10 -4.7940e+09  2.3224e+11 -3.9950e+10 -4.9361e+10 -2.8610e-06 -7.1023e+08  4.7940e+09 -5.2024e+10  3.9950e+10]
 [ 0.0000e+00  0.0000e+00  3.9950e+10 -8.5316e+10  8.5831e-06 -1.7454e+11 -3.9950e+10 -8.5316e+10  0.0000e+00  0.0000e+00  4.7940e+09  6.1879e+10 -3.9950e+10  3.3212e+11  4.7684e-06  1.2376e+11 -4.7940e+09 -8.7269e+10  3.9950e+10 -8.5316e+10]
 [ 0.0000e+00  0.0000e+00  0.0000e+00  0.0000e+00 -5.2024e+10  3.9950e+10 -7.1023e+08  4.7940e+09  0.0000e+00  0.0000e+00  0.0000e+00  0.0000e+00 -4.9361e+10  2.8610e-06  1.5483e+11  0.0000e+00 -5.2024e+10 -3.9950e+10 -7.1023e+08 -4.7940e+09]
 [ 0.0000e+00  0.0000e+00  0.0000e+00  0.0000e+00  3.9950e+10 -8.5316e+10 -4.7940e+09 -8.7269e+10  0.0000e+00  0.0000e+00  0.0000e+00  0.0000e+00 -3.8147e-06  1.2376e+11  7.6294e-06  2.2141e+11 -3.9950e+10 -8.5316e+10  4.7940e+09 -8.7269e+10]
 [ 0.0000e+00  0.0000e+00  0.0000e+00  0.0000e+00  0.0000e+00  0.0000e+00  0.0000e+00  0.0000e+00  0.0000e+00  0.0000e+00  0.0000e+00  0.0000e+00 -7.1023e+08 -4.7940e+09 -5.2024e+10 -3.9950e+10  7.7415e+10  3.9950e+10 -2.4680e+10  4.7940e+09]
 [ 0.0000e+00  0.0000e+00  0.0000e+00  0.0000e+00  0.0000e+00  0.0000e+00  0.0000e+00  0.0000e+00  0.0000e+00  0.0000e+00  0.0000e+00  0.0000e+00  4.7940e+09 -8.7269e+10 -3.9950e+10 -8.5316e+10  3.9950e+10  1.1071e+11 -4.7940e+09  6.1879e+10]
 [ 0.0000e+00  0.0000e+00  0.0000e+00  0.0000e+00  0.0000e+00  0.0000e+00  0.0000e+00  0.0000e+00  0.0000e+00  0.0000e+00  0.0000e+00  0.0000e+00 -5.2024e+10  3.9950e+10 -7.1023e+08  4.7940e+09 -2.4680e+10 -4.7940e+09  7.7415e+10 -3.9950e+10]
 [ 0.0000e+00  0.0000e+00  0.0000e+00  0.0000e+00  0.0000e+00  0.0000e+00  0.0000e+00  0.0000e+00  0.0000e+00  0.0000e+00  0.0000e+00  0.0000e+00  3.9950e+10 -8.5316e+10 -4.7940e+09 -8.7269e+10  4.7940e+09  6.1879e+10 -3.9950e+10  1.1071e+11]]

Reduced Global Stiffness Matrix (K):
 [[ 1.5483e+11  0.0000e+00 -2.4680e+10 -4.7940e+09  0.0000e+00  0.0000e+00 -1.4205e+09 -9.5367e-07 -5.2024e+10  3.9950e+10  0.0000e+00  0.0000e+00]
 [ 0.0000e+00  2.2141e+11  4.7940e+09  6.1879e+10  0.0000e+00  0.0000e+00 -1.9073e-06 -1.7454e+11  3.9950e+10 -8.5316e+10  0.0000e+00  0.0000e+00]
 [-2.4680e+10  4.7940e+09  1.5483e+11  7.6294e-06 -2.4680e+10 -4.7940e+09 -5.2024e+10 -3.9950e+10 -1.4205e+09  8.5831e-06 -5.2024e+10  3.9950e+10]
 [-4.7940e+09  6.1879e+10  7.6294e-06  2.2141e+11  4.7940e+09  6.1879e+10 -3.9950e+10 -8.5316e+10 -3.8147e-06 -1.7454e+11  3.9950e+10 -8.5316e+10]
 [ 0.0000e+00  0.0000e+00 -2.4680e+10  4.7940e+09  7.7415e+10  3.9950e+10  0.0000e+00  0.0000e+00 -5.2024e+10 -3.9950e+10 -7.1023e+08 -4.7940e+09]
 [ 0.0000e+00  0.0000e+00 -4.7940e+09  6.1879e+10  3.9950e+10  1.1071e+11  0.0000e+00  0.0000e+00 -3.9950e+10 -8.5316e+10  4.7940e+09 -8.7269e+10]
 [-1.4205e+09  9.5367e-07 -5.2024e+10 -3.9950e+10  0.0000e+00  0.0000e+00  1.5483e+11  0.0000e+00 -2.4680e+10  4.7940e+09  0.0000e+00  0.0000e+00]
 [ 9.5367e-07 -1.7454e+11 -3.9950e+10 -8.5316e+10  0.0000e+00  0.0000e+00  0.0000e+00  2.2141e+11 -4.7940e+09  6.1879e+10  0.0000e+00  0.0000e+00]
 [-5.2024e+10  3.9950e+10 -1.4205e+09 -4.7684e-06 -5.2024e+10 -3.9950e+10 -2.4680e+10 -4.7940e+09  2.3224e+11 -3.9950e+10 -4.9361e+10 -2.8610e-06]
 [ 3.9950e+10 -8.5316e+10  8.5831e-06 -1.7454e+11 -3.9950e+10 -8.5316e+10  4.7940e+09  6.1879e+10 -3.9950e+10  3.3212e+11  4.7684e-06  1.2376e+11]
 [ 0.0000e+00  0.0000e+00 -5.2024e+10  3.9950e+10 -7.1023e+08  4.7940e+09  0.0000e+00  0.0000e+00 -4.9361e+10  2.8610e-06  1.5483e+11  0.0000e+00]
 [ 0.0000e+00  0.0000e+00  3.9950e+10 -8.5316e+10 -4.7940e+09 -8.7269e+10  0.0000e+00  0.0000e+00 -3.8147e-06  1.2376e+11  7.6294e-06  2.2141e+11]]

Reduced Force Vector (f):
 [      0.      -90000.           0.      -45000.       15000.           0.      100000.     -173205.0808       0.           0.       15000.  
         0.    ]

Processing: Element, selective reduced integration

Normalizing volumetric B_vol matrix......
GP0: (ξ=-0.5774, η=-0.5774), weight=(1.0000, 1.0000)
GP1: (ξ=0.5774, η=-0.5774), weight=(1.0000, 1.0000)
GP2: (ξ=0.5774, η=0.5774), weight=(1.0000, 1.0000)
GP3: (ξ=-0.5774, η=0.5774), weight=(1.0000, 1.0000)

Correction of B matrix......
GP0: (ξ=-0.5774, η=-0.5774), weight=(1.0000, 1.0000)
GP1: (ξ=0.5774, η=-0.5774), weight=(1.0000, 1.0000)
GP2: (ξ=0.5774, η=0.5774), weight=(1.0000, 1.0000)
GP3: (ξ=-0.5774, η=0.5774), weight=(1.0000, 1.0000)

Processing: Element, selective reduced integration

Normalizing volumetric B_vol matrix......
GP0: (ξ=-0.5774, η=-0.5774), weight=(1.0000, 1.0000)
GP1: (ξ=0.5774, η=-0.5774), weight=(1.0000, 1.0000)
GP2: (ξ=0.5774, η=0.5774), weight=(1.0000, 1.0000)
GP3: (ξ=-0.5774, η=0.5774), weight=(1.0000, 1.0000)

Correction of B matrix......
GP0: (ξ=-0.5774, η=-0.5774), weight=(1.0000, 1.0000)
GP1: (ξ=0.5774, η=-0.5774), weight=(1.0000, 1.0000)
GP2: (ξ=0.5774, η=0.5774), weight=(1.0000, 1.0000)
GP3: (ξ=-0.5774, η=0.5774), weight=(1.0000, 1.0000)

Processing: Element, selective reduced integration

Normalizing volumetric B_vol matrix......
GP0: (ξ=-0.5774, η=-0.5774), weight=(1.0000, 1.0000)
GP1: (ξ=0.5774, η=-0.5774), weight=(1.0000, 1.0000)
GP2: (ξ=0.5774, η=0.5774), weight=(1.0000, 1.0000)
GP3: (ξ=-0.5774, η=0.5774), weight=(1.0000, 1.0000)

Correction of B matrix......
GP0: (ξ=-0.5774, η=-0.5774), weight=(1.0000, 1.0000)
GP1: (ξ=0.5774, η=-0.5774), weight=(1.0000, 1.0000)
GP2: (ξ=0.5774, η=0.5774), weight=(1.0000, 1.0000)
GP3: (ξ=-0.5774, η=0.5774), weight=(1.0000, 1.0000)

Processing: Element, selective reduced integration

Normalizing volumetric B_vol matrix......
GP0: (ξ=-0.5774, η=-0.5774), weight=(1.0000, 1.0000)
GP1: (ξ=0.5774, η=-0.5774), weight=(1.0000, 1.0000)
GP2: (ξ=0.5774, η=0.5774), weight=(1.0000, 1.0000)
GP3: (ξ=-0.5774, η=0.5774), weight=(1.0000, 1.0000)

Correction of B matrix......
GP0: (ξ=-0.5774, η=-0.5774), weight=(1.0000, 1.0000)
GP1: (ξ=0.5774, η=-0.5774), weight=(1.0000, 1.0000)
GP2: (ξ=0.5774, η=0.5774), weight=(1.0000, 1.0000)
GP3: (ξ=-0.5774, η=0.5774), weight=(1.0000, 1.0000)

Nodal Displacements (m):
Node 1: u_x = 0.000000e+00, u_y = 0.000000e+00
Node 2: u_x = 2.106947e-07, u_y = -3.884811e-06
Node 3: u_x = -1.138711e-06, u_y = -1.863416e-06
Node 4: u_x = -7.840093e-07, u_y = 9.065282e-07
Node 5: u_x = 0.000000e+00, u_y = 0.000000e+00
Node 6: u_x = -1.077202e-07, u_y = -4.434382e-06
Node 7: u_x = 4.517696e-07, u_y = -1.159165e-06
Node 8: u_x = 3.074381e-07, u_y = 4.756750e-07
Node 9: u_x = 0.000000e+00, u_y = 0.000000e+00
Node 10: u_x = 0.000000e+00, u_y = 0.000000e+00

Element Stresses (Pa):
Element 1:
  GP 1: σ_xx = 1.966753e+05,                   σ_yy = 2.972870e+05, σ_xy = -9.884322e+05
  GP 2: σ_xx = 8.512614e+04,                   σ_yy = 4.088361e+05, σ_xy = -9.238020e+05
  GP 3: σ_xx = 1.282129e+05,                   σ_yy = 3.657494e+05, σ_xy = -8.494359e+05
  GP 4: σ_xx = 2.397620e+05,                   σ_yy = 2.542002e+05, σ_xy = -9.140661e+05
Element 2:
  GP 1: σ_xx = -3.356506e+05,                   σ_yy = -2.087043e+05, σ_xy = 6.756516e+05
  GP 2: σ_xx = -8.115625e+04,                   σ_yy = -4.631986e+05, σ_xy = 2.881941e+05
  GP 3: σ_xx = -3.394612e+05,                   σ_yy = -2.048936e+05, σ_xy = 1.185312e+05
  GP 4: σ_xx = -5.939556e+05,                   σ_yy = 4.960069e+04, σ_xy = 5.059887e+05
Element 3:
  GP 1: σ_xx = 1.009517e+05,                   σ_yy = -2.073404e+05, σ_xy = -8.269169e+04
  GP 2: σ_xx = -1.294458e+05,                   σ_yy = 2.305705e+04, σ_xy = 1.859941e+04
  GP 3: σ_xx = -6.191841e+04,                   σ_yy = -4.447034e+04, σ_xy = 1.721977e+05
  GP 4: σ_xx = 1.684791e+05,                   σ_yy = -2.748678e+05, σ_xy = 7.090665e+04
Element 4:
  GP 1: σ_xx = -3.258507e+04,                   σ_yy = -5.904084e+05, σ_xy = 2.290747e+05
  GP 2: σ_xx = -3.644162e+05,                   σ_yy = -2.585772e+05, σ_xy = 1.997791e+05
  GP 3: σ_xx = -3.839467e+05,                   σ_yy = -2.390468e+05, σ_xy = 4.209998e+05
  GP 4: σ_xx = -5.211550e+04,                   σ_yy = -5.708779e+05, σ_xy = 4.502955e+05

Element Strain:
Element 1:
  GP 1: σ_xx = 4.150459e-07,             σ_yy = 1.130507e-06, σ_xy = -1.405770e-05
  GP 2: σ_xx = -3.781923e-07,             σ_yy = 1.923745e-06, σ_xy = -1.313852e-05
  GP 3: σ_xx = -7.179751e-08,             σ_yy = 1.617351e-06, σ_xy = -1.208087e-05
  GP 4: σ_xx = 7.214407e-07,             σ_yy = 8.241124e-07, σ_xy = -1.300005e-05
Element 2:
  GP 1: σ_xx = -1.302978e-06,             σ_yy = -4.002484e-07, σ_xy = 9.609267e-06
  GP 2: σ_xx = 5.067599e-07,             σ_yy = -2.209986e-06, σ_xy = 4.098760e-06
  GP 3: σ_xx = -1.330076e-06,             σ_yy = -3.731504e-07, σ_xy = 1.685777e-06
  GP 4: σ_xx = -3.139813e-06,             σ_yy = 1.436587e-06, σ_xy = 7.196283e-06
Element 3:
  GP 1: σ_xx = 9.297105e-07,             σ_yy = -1.262589e-06, σ_xy = -1.176060e-06
  GP 2: σ_xx = -7.086717e-07,             σ_yy = 3.757931e-07, σ_xy = 2.645250e-07
  GP 3: σ_xx = -2.284768e-07,             σ_yy = -1.044017e-07, σ_xy = 2.449035e-06
  GP 4: σ_xx = 1.409905e-06,             σ_yy = -1.742784e-06, σ_xy = 1.008450e-06
Element 4:
  GP 1: σ_xx = 1.008733e-06,             σ_yy = -2.958010e-06, σ_xy = 3.257951e-06
  GP 2: σ_xx = -1.350955e-06,             σ_yy = -5.983222e-07, σ_xy = 2.841302e-06
  GP 3: σ_xx = -1.489838e-06,             σ_yy = -4.594391e-07, σ_xy = 5.987553e-06
  GP 4: σ_xx = 8.698501e-07,             σ_yy = -2.819127e-06, σ_xy = 6.404202e-06

Element 1 mean stress: σ_xx = 1.624441e+05,               σ_yy = 3.315182e+05, σ_xy = -9.189340e+05

Element 2 mean stress: σ_xx = -3.375559e+05,               σ_yy = -2.067990e+05, σ_xy = 3.970914e+05

Element 3 mean stress: σ_xx = 1.951664e+04,               σ_yy = -1.259054e+05, σ_xy = 4.475303e+04

Element 4 mean stress: σ_xx = -2.082659e+05,               σ_yy = -4.147276e+05, σ_xy = 3.250373e+05

Element 1 mean strain: ε_xx = 1.716242e-07,               ε_yy = 1.373929e-06, ε_xy = -1.306928e-05

Element 2 mean strain: ε_xx = -1.316527e-06,               ε_yy = -3.866994e-07, ε_xy = 5.647522e-06

Element 3 mean strain: ε_xx = 3.506168e-07,               ε_yy = -6.834954e-07, ε_xy = 6.364875e-07

Element 4 mean strain: ε_xx = -2.405525e-07,               ε_yy = -1.708725e-06, ε_xy = 4.622752e-06

Global mass matrix:
[[ 52.2    0.    26.1    0.     0.     0.     0.     0.    26.1    0.    13.05   0.     0.     0.     0.     0.     0.     0.     0.     0.  ]
[  0.    52.2    0.    26.1    0.     0.     0.     0.     0.    26.1    0.    13.05   0.     0.     0.     0.     0.     0.     0.     0.  ] 
[ 26.1    0.   104.4    0.    26.1    0.     0.     0.    13.05   0.    52.2    0.    13.05   0.     0.     0.     0.     0.     0.     0.  ] 
[  0.    26.1    0.   104.4    0.    26.1    0.     0.     0.    13.05   0.    52.2    0.    13.05   0.     0.     0.     0.     0.     0.  ] 
[  0.     0.    26.1    0.   104.4    0.    26.1    0.     0.     0.    13.05   0.    52.2    0.    13.05   0.     0.     0.     0.     0.  ] 
[  0.     0.     0.    26.1    0.   104.4    0.    26.1    0.     0.     0.    13.05   0.    52.2    0.    13.05   0.     0.     0.     0.  ] 
[  0.     0.     0.     0.    26.1    0.    52.2    0.     0.     0.     0.     0.    13.05   0.    26.1    0.     0.     0.     0.     0.  ] 
[  0.     0.     0.     0.     0.    26.1    0.    52.2    0.     0.     0.     0.     0.    13.05   0.    26.1    0.     0.     0.     0.  ] 
[ 26.1    0.    13.05   0.     0.     0.     0.     0.    52.2    0.    26.1    0.     0.     0.     0.     0.     0.     0.     0.     0.  ] 
[  0.    26.1    0.    13.05   0.     0.     0.     0.     0.    52.2    0.    26.1    0.     0.     0.     0.     0.     0.     0.     0.  ] 
[ 13.05   0.    52.2    0.    13.05   0.     0.     0.    26.1    0.   104.4    0.    26.1    0.     0.     0.     0.     0.     0.     0.  ] 
[  0.    13.05   0.    52.2    0.    13.05   0.     0.     0.    26.1    0.   104.4    0.    26.1    0.     0.     0.     0.     0.     0.  ] 
[  0.     0.    13.05   0.    52.2    0.    13.05   0.     0.     0.    26.1    0.   156.6    0.    52.2    0.    26.1    0.    13.05   0.  ] 
[  0.     0.     0.    13.05   0.    52.2    0.    13.05   0.     0.     0.    26.1    0.   156.6    0.    52.2    0.    26.1    0.    13.05] 
[  0.     0.     0.     0.    13.05   0.    26.1    0.     0.     0.     0.     0.    52.2    0.   104.4    0.    13.05   0.    26.1    0.  ] 
[  0.     0.     0.     0.     0.    13.05   0.    26.1    0.     0.     0.     0.     0.    52.2    0.   104.4    0.    13.05   0.    26.1 ] 
[  0.     0.     0.     0.     0.     0.     0.     0.     0.     0.     0.     0.    26.1    0.    13.05   0.    52.2    0.    26.1    0.  ] 
[  0.     0.     0.     0.     0.     0.     0.     0.     0.     0.     0.     0.     0.    26.1    0.    13.05   0.    52.2    0.    26.1 ] 
[  0.     0.     0.     0.     0.     0.     0.     0.     0.     0.     0.     0.    13.05   0.    26.1    0.    26.1    0.    52.2    0.  ] 
[  0.     0.     0.     0.     0.     0.     0.     0.     0.     0.     0.     0.     0.    13.05   0.    26.1    0.    26.1    0.    52.2 ]]

Reduced mass matrix:
 [[104.4    0.    26.1    0.     0.     0.    52.2    0.    13.05   0.     0.     0.  ]
 [  0.   104.4    0.    26.1    0.     0.     0.    52.2    0.    13.05   0.     0.  ]
 [ 26.1    0.   104.4    0.    26.1    0.    13.05   0.    52.2    0.    13.05   0.  ]
 [  0.    26.1    0.   104.4    0.    26.1    0.    13.05   0.    52.2    0.    13.05]
 [  0.     0.    26.1    0.    52.2    0.     0.     0.    13.05   0.    26.1    0.  ]
 [  0.     0.     0.    26.1    0.    52.2    0.     0.     0.    13.05   0.    26.1 ]
 [ 52.2    0.    13.05   0.     0.     0.   104.4    0.    26.1    0.     0.     0.  ]
 [  0.    52.2    0.    13.05   0.     0.     0.   104.4    0.    26.1    0.     0.  ]
 [ 13.05   0.    52.2    0.    13.05   0.    26.1    0.   156.6    0.    52.2    0.  ]
 [  0.    13.05   0.    52.2    0.    13.05   0.    26.1    0.   156.6    0.    52.2 ]
 [  0.     0.    13.05   0.    26.1    0.     0.     0.    52.2    0.   104.4    0.  ]
 [  0.     0.     0.    13.05   0.    26.1    0.     0.     0.    52.2    0.   104.4 ]]

Eigenfrequencies (Hz):
Mode 1: f = 1485.013245 Hz
Mode 2: f = 2184.611097 Hz
Mode 3: f = 3217.937320 Hz
Mode 4: f = 4357.506325 Hz

Mode Shapes:
Mode 1: [ 0.      0.      0.0081  0.0221  0.0328  0.0209  0.0421 -0.0178  0.      0.      0.0203  0.0283  0.0158  0.0192  0.0135 -0.015   0.      0.      0.      0.    ]
Mode 2: [ 0.      0.      0.0149 -0.0359  0.0145 -0.0209  0.0232 -0.0069  0.      0.      0.0059 -0.0352  0.021  -0.0118  0.0224 -0.0079  0.      0.      0.      0.    ]
Mode 3: [ 0.      0.     -0.0038  0.0226  0.0091 -0.0243  0.0097 -0.0607  0.      0.     -0.0109  0.0203 -0.0224 -0.0225  0.0028 -0.0345  0.      0.      0.      0.    ]
Mode 4: [ 0.      0.     -0.0336 -0.0274 -0.011   0.0405  0.0581 -0.054   0.      0.     -0.0108 -0.0287 -0.0048  0.0385 -0.0168 -0.0312  0.      0.      0.      0.    ]

Extrapolated data:

Node       Element    Stress XX       Stress YY       Stress XY       Strain XX       Strain YY       Strain XY
--------------------------------------------------------------------------------------------------------------------
5          1          2.217342e+05    2.722281e+05    -1.039308e+06   5.932429e-07    9.523102e-07    -1.478127e-05
6          1          2.852547e+04    4.654368e+05    -9.273656e+05   -7.806860e-07   2.326239e-06    -1.318920e-05
2          1          1.031540e+05    3.908083e+05    -7.985598e+05   -2.499946e-07   1.795548e-06    -1.135729e-05
1          1          2.963627e+05    1.975996e+05    -9.105025e+05   1.123934e-06    4.216187e-07    -1.294937e-05
6          2          -3.342558e+05   -2.100991e+05   8.795718e+05    -1.293059e-06   -4.101669e-07   1.250946e-05
7          2          1.065413e+05    -6.508962e+05   2.084757e+05    1.841498e-06    -3.544724e-06   2.964988e-06
3          2          -3.408560e+05   -2.034988e+05   -8.538902e+04   -1.339994e-06   -3.632319e-07   -1.214422e-06
2          2          -7.816531e+05   2.372983e+05    5.857070e+05    -4.474551e-06   2.771325e-06    8.330055e-06
7          3          1.605663e+05    -2.669550e+05   -1.759877e+05   1.353637e-06    -1.686515e-06   -2.502936e-06
8          3          -2.384939e+05   1.321051e+05    -5.463642e+02   -1.484125e-06   1.151246e-06    -7.770513e-09
4          3          -1.215330e+05   1.514425e+04    2.654938e+05    -6.524028e-07   3.195243e-07    3.775911e-06
3          3          2.775272e+05    -3.839159e+05   9.005242e+04    2.185358e-06    -2.518237e-06   1.280746e-06
9          4          9.602220e+04    -7.190156e+05   1.588252e+05    1.923274e-06    -3.872551e-06   2.258848e-06
10         4          -4.787262e+05   -1.442672e+05   1.080837e+05    -2.163826e-06   2.145489e-07    1.537190e-06
8          4          -5.125539e+05   -1.104395e+05   4.912493e+05    -2.404379e-06   4.551015e-07    6.986657e-06
7          4          6.219450e+04    -6.851879e+05   5.419909e+05    1.682721e-06    -3.631998e-06   7.708314e-06

Extrapolated data - Nodal average:

Node       Element    Stress XX       Stress YY       Stress XY       Strain XX       Strain YY       Strain XY      
-------------------------------------------------------------------------------------------------------------------- 
5          1          2.217342e+05    2.722281e+05    -1.039308e+06   5.932429e-07    9.523102e-07    -1.478127e-05  
6          1          -1.528652e+05   1.276689e+05    -2.389692e+04   -1.036872e-06   9.580361e-07    -3.398673e-07  
2          1          -3.392496e+05   3.140533e+05    -1.064264e+05   -2.362273e-06   2.283437e-06    -1.513619e-06  
1          1          2.963627e+05    1.975996e+05    -9.105025e+05   1.123934e-06    4.216187e-07    -1.294937e-05  
6          2          -1.528652e+05   1.276689e+05    -2.389692e+04   -1.036872e-06   9.580361e-07    -3.398673e-07  
7          2          1.097674e+05    -5.343464e+05   1.914930e+05    1.625952e-06    -2.954413e-06   2.723455e-06   
3          2          -3.166443e+04   -2.937074e+05   2.331702e+03    4.226822e-07    -1.440734e-06   3.316199e-08   
2          2          -3.392496e+05   3.140533e+05    -1.064264e+05   -2.362273e-06   2.283437e-06    -1.513619e-06  
7          3          1.097674e+05    -5.343464e+05   1.914930e+05    1.625952e-06    -2.954413e-06   2.723455e-06   
8          3          -3.755239e+05   1.083281e+04    2.453515e+05    -1.944252e-06   8.031738e-07    3.489443e-06   
4          3          -1.215330e+05   1.514425e+04    2.654938e+05    -6.524028e-07   3.195243e-07    3.775911e-06   
3          3          -3.166443e+04   -2.937074e+05   2.331702e+03    4.226822e-07    -1.440734e-06   3.316199e-08   
9          4          9.602220e+04    -7.190156e+05   1.588252e+05    1.923274e-06    -3.872551e-06   2.258848e-06   
10         4          -4.787262e+05   -1.442672e+05   1.080837e+05    -2.163826e-06   2.145489e-07    1.537190e-06   
8          4          -3.755239e+05   1.083281e+04    2.453515e+05    -1.944252e-06   8.031738e-07    3.489443e-06   
7          4          1.097674e+05    -5.343464e+05   1.914930e+05    1.625952e-06    -2.954413e-06   2.723455e-06  