Processing: Element stiffness matrix, incompatible mode.......
GP0: (ξ=-0.5774, η=-0.5774), weight=(1.0000, 1.0000)
GP1: (ξ=0.5774, η=-0.5774), weight=(1.0000, 1.0000)
GP2: (ξ=0.5774, η=0.5774), weight=(1.0000, 1.0000)
GP3: (ξ=-0.5774, η=0.5774), weight=(1.0000, 1.0000)
Element 1:
 [[ 7.5570e+10  3.9950e+10 -2.2836e+10  4.7940e+09 -5.3869e+10 -3.9950e+10  1.1344e+09 -4.7940e+09]
 [ 3.9950e+10  1.2243e+11 -4.7940e+09  5.0160e+10 -3.9950e+10 -7.3597e+10  4.7940e+09 -9.8988e+10]
 [-2.2836e+10 -4.7940e+09  7.5570e+10 -3.9950e+10  1.1344e+09  4.7940e+09 -5.3869e+10  3.9950e+10]
 [ 4.7940e+09  5.0160e+10 -3.9950e+10  1.2243e+11 -4.7940e+09 -9.8988e+10  3.9950e+10 -7.3597e+10]
 [-5.3869e+10 -3.9950e+10  1.1344e+09 -4.7940e+09  7.5570e+10  3.9950e+10 -2.2836e+10  4.7940e+09]
 [-3.9950e+10 -7.3597e+10  4.7940e+09 -9.8988e+10  3.9950e+10  1.2243e+11 -4.7940e+09  5.0160e+10]
 [ 1.1344e+09  4.7940e+09 -5.3869e+10  3.9950e+10 -2.2836e+10 -4.7940e+09  7.5570e+10 -3.9950e+10]
 [-4.7940e+09 -9.8988e+10  3.9950e+10 -7.3597e+10  4.7940e+09  5.0160e+10 -3.9950e+10  1.2243e+11]]

Processing: Element stiffness matrix, incompatible mode.......
GP0: (ξ=-0.5774, η=-0.5774), weight=(1.0000, 1.0000)
GP1: (ξ=0.5774, η=-0.5774), weight=(1.0000, 1.0000)
GP2: (ξ=0.5774, η=0.5774), weight=(1.0000, 1.0000)
GP3: (ξ=-0.5774, η=0.5774), weight=(1.0000, 1.0000)
Element 2:
 [[ 7.5570e+10  3.9950e+10 -2.2836e+10  4.7940e+09 -5.3869e+10 -3.9950e+10  1.1344e+09 -4.7940e+09]
 [ 3.9950e+10  1.2243e+11 -4.7940e+09  5.0160e+10 -3.9950e+10 -7.3597e+10  4.7940e+09 -9.8988e+10]
 [-2.2836e+10 -4.7940e+09  7.5570e+10 -3.9950e+10  1.1344e+09  4.7940e+09 -5.3869e+10  3.9950e+10]
 [ 4.7940e+09  5.0160e+10 -3.9950e+10  1.2243e+11 -4.7940e+09 -9.8988e+10  3.9950e+10 -7.3597e+10]
 [-5.3869e+10 -3.9950e+10  1.1344e+09 -4.7940e+09  7.5570e+10  3.9950e+10 -2.2836e+10  4.7940e+09]
 [-3.9950e+10 -7.3597e+10  4.7940e+09 -9.8988e+10  3.9950e+10  1.2243e+11 -4.7940e+09  5.0160e+10]
 [ 1.1344e+09  4.7940e+09 -5.3869e+10  3.9950e+10 -2.2836e+10 -4.7940e+09  7.5570e+10 -3.9950e+10]
 [-4.7940e+09 -9.8988e+10  3.9950e+10 -7.3597e+10  4.7940e+09  5.0160e+10 -3.9950e+10  1.2243e+11]]

Processing: Element stiffness matrix, incompatible mode.......
GP0: (ξ=-0.5774, η=-0.5774), weight=(1.0000, 1.0000)
GP1: (ξ=0.5774, η=-0.5774), weight=(1.0000, 1.0000)
GP2: (ξ=0.5774, η=0.5774), weight=(1.0000, 1.0000)
GP3: (ξ=-0.5774, η=0.5774), weight=(1.0000, 1.0000)
Element 3:
 [[ 7.5570e+10  3.9950e+10 -2.2836e+10  4.7940e+09 -5.3869e+10 -3.9950e+10  1.1344e+09 -4.7940e+09]
 [ 3.9950e+10  1.2243e+11 -4.7940e+09  5.0160e+10 -3.9950e+10 -7.3597e+10  4.7940e+09 -9.8988e+10]
 [-2.2836e+10 -4.7940e+09  7.5570e+10 -3.9950e+10  1.1344e+09  4.7940e+09 -5.3869e+10  3.9950e+10]
 [ 4.7940e+09  5.0160e+10 -3.9950e+10  1.2243e+11 -4.7940e+09 -9.8988e+10  3.9950e+10 -7.3597e+10]
 [-5.3869e+10 -3.9950e+10  1.1344e+09 -4.7940e+09  7.5570e+10  3.9950e+10 -2.2836e+10  4.7940e+09]
 [-3.9950e+10 -7.3597e+10  4.7940e+09 -9.8988e+10  3.9950e+10  1.2243e+11 -4.7940e+09  5.0160e+10]
 [ 1.1344e+09  4.7940e+09 -5.3869e+10  3.9950e+10 -2.2836e+10 -4.7940e+09  7.5570e+10 -3.9950e+10]
 [-4.7940e+09 -9.8988e+10  3.9950e+10 -7.3597e+10  4.7940e+09  5.0160e+10 -3.9950e+10  1.2243e+11]]

Processing: Element stiffness matrix, incompatible mode.......
GP0: (ξ=-0.5774, η=-0.5774), weight=(1.0000, 1.0000)
GP1: (ξ=0.5774, η=-0.5774), weight=(1.0000, 1.0000)
GP2: (ξ=0.5774, η=0.5774), weight=(1.0000, 1.0000)
GP3: (ξ=-0.5774, η=0.5774), weight=(1.0000, 1.0000)
Element 4:
 [[ 7.5570e+10  3.9950e+10 -2.2836e+10  4.7940e+09 -5.3869e+10 -3.9950e+10  1.1344e+09 -4.7940e+09]
 [ 3.9950e+10  1.2243e+11 -4.7940e+09  5.0160e+10 -3.9950e+10 -7.3597e+10  4.7940e+09 -9.8988e+10]
 [-2.2836e+10 -4.7940e+09  7.5570e+10 -3.9950e+10  1.1344e+09  4.7940e+09 -5.3869e+10  3.9950e+10]
 [ 4.7940e+09  5.0160e+10 -3.9950e+10  1.2243e+11 -4.7940e+09 -9.8988e+10  3.9950e+10 -7.3597e+10]
 [-5.3869e+10 -3.9950e+10  1.1344e+09 -4.7940e+09  7.5570e+10  3.9950e+10 -2.2836e+10  4.7940e+09]
 [-3.9950e+10 -7.3597e+10  4.7940e+09 -9.8988e+10  3.9950e+10  1.2243e+11 -4.7940e+09  5.0160e+10]
 [ 1.1344e+09  4.7940e+09 -5.3869e+10  3.9950e+10 -2.2836e+10 -4.7940e+09  7.5570e+10 -3.9950e+10]
 [-4.7940e+09 -9.8988e+10  3.9950e+10 -7.3597e+10  4.7940e+09  5.0160e+10 -3.9950e+10  1.2243e+11]]

Global Stiffness Matrix (K):
 [[ 7.5570e+10 -3.9950e+10 -2.2836e+10 -4.7940e+09  0.0000e+00  0.0000e+00  0.0000e+00  0.0000e+00  1.1344e+09  4.7940e+09 -5.3869e+10  3.9950e+10  0.0000e+00  0.0000e+00  0.0000e+00  0.0000e+00  0.0000e+00  0.0000e+00  0.0000e+00  0.0000e+00]
 [-3.9950e+10  1.2243e+11  4.7940e+09  5.0160e+10  0.0000e+00  0.0000e+00  0.0000e+00  0.0000e+00 -4.7940e+09 -9.8988e+10  3.9950e+10 -7.3597e+10  0.0000e+00  0.0000e+00  0.0000e+00  0.0000e+00  0.0000e+00  0.0000e+00  0.0000e+00  0.0000e+00]
 [-2.2836e+10  4.7940e+09  1.5114e+11  0.0000e+00 -2.2836e+10 -4.7940e+09  0.0000e+00  0.0000e+00 -5.3869e+10 -3.9950e+10  2.2688e+09  0.0000e+00 -5.3869e+10  3.9950e+10  0.0000e+00  0.0000e+00  0.0000e+00  0.0000e+00  0.0000e+00  0.0000e+00]
 [-4.7940e+09  5.0160e+10  0.0000e+00  2.4485e+11  4.7940e+09  5.0160e+10  0.0000e+00  0.0000e+00 -3.9950e+10 -7.3597e+10 -9.5367e-07 -1.9798e+11  3.9950e+10 -7.3597e+10  0.0000e+00  0.0000e+00  0.0000e+00  0.0000e+00  0.0000e+00  0.0000e+00]
 [ 0.0000e+00  0.0000e+00 -2.2836e+10  4.7940e+09  1.5114e+11  1.5259e-05 -2.2836e+10 -4.7940e+09  0.0000e+00  0.0000e+00 -5.3869e+10 -3.9950e+10  2.2688e+09 -9.5367e-07 -5.3869e+10  3.9950e+10  0.0000e+00  0.0000e+00  0.0000e+00  0.0000e+00]
 [ 0.0000e+00  0.0000e+00 -4.7940e+09  5.0160e+10  1.5259e-05  2.4485e+11  4.7940e+09  5.0160e+10  0.0000e+00  0.0000e+00 -3.9950e+10 -7.3597e+10  1.9073e-06 -1.9798e+11  3.9950e+10 -7.3597e+10  0.0000e+00  0.0000e+00  0.0000e+00  0.0000e+00]
 [ 0.0000e+00  0.0000e+00  0.0000e+00  0.0000e+00 -2.2836e+10  4.7940e+09  7.5570e+10  3.9950e+10  0.0000e+00  0.0000e+00  0.0000e+00  0.0000e+00 -5.3869e+10 -3.9950e+10  1.1344e+09 -4.7940e+09  0.0000e+00  0.0000e+00  0.0000e+00  0.0000e+00]
 [ 0.0000e+00  0.0000e+00  0.0000e+00  0.0000e+00 -4.7940e+09  5.0160e+10  3.9950e+10  1.2243e+11  0.0000e+00  0.0000e+00  0.0000e+00  0.0000e+00 -3.9950e+10 -7.3597e+10  4.7940e+09 -9.8988e+10  0.0000e+00  0.0000e+00  0.0000e+00  0.0000e+00]
 [ 1.1344e+09 -4.7940e+09 -5.3869e+10 -3.9950e+10  0.0000e+00  0.0000e+00  0.0000e+00  0.0000e+00  7.5570e+10  3.9950e+10 -2.2836e+10  4.7940e+09  0.0000e+00  0.0000e+00  0.0000e+00  0.0000e+00  0.0000e+00  0.0000e+00  0.0000e+00  0.0000e+00]
 [ 4.7940e+09 -9.8988e+10 -3.9950e+10 -7.3597e+10  0.0000e+00  0.0000e+00  0.0000e+00  0.0000e+00  3.9950e+10  1.2243e+11 -4.7940e+09  5.0160e+10  0.0000e+00  0.0000e+00  0.0000e+00  0.0000e+00  0.0000e+00  0.0000e+00  0.0000e+00  0.0000e+00]
 [-5.3869e+10  3.9950e+10  2.2688e+09  9.5367e-07 -5.3869e+10 -3.9950e+10  0.0000e+00  0.0000e+00 -2.2836e+10 -4.7940e+09  1.5114e+11  0.0000e+00 -2.2836e+10  4.7940e+09  0.0000e+00  0.0000e+00  0.0000e+00  0.0000e+00  0.0000e+00  0.0000e+00]
 [ 3.9950e+10 -7.3597e+10  0.0000e+00 -1.9798e+11 -3.9950e+10 -7.3597e+10  0.0000e+00  0.0000e+00  4.7940e+09  5.0160e+10  0.0000e+00  2.4485e+11 -4.7940e+09  5.0160e+10  0.0000e+00  0.0000e+00  0.0000e+00  0.0000e+00  0.0000e+00  0.0000e+00]
 [ 0.0000e+00  0.0000e+00 -5.3869e+10  3.9950e+10  2.2688e+09  1.9073e-06 -5.3869e+10 -3.9950e+10  0.0000e+00  0.0000e+00 -2.2836e+10 -4.7940e+09  2.2671e+11 -3.9950e+10 -4.5672e+10  0.0000e+00  1.1344e+09  4.7940e+09 -5.3869e+10  3.9950e+10]
 [ 0.0000e+00  0.0000e+00  3.9950e+10 -7.3597e+10 -2.8610e-06 -1.9798e+11 -3.9950e+10 -7.3597e+10  0.0000e+00  0.0000e+00  4.7940e+09  5.0160e+10 -3.9950e+10  3.6728e+11  0.0000e+00  1.0032e+11 -4.7940e+09 -9.8988e+10  3.9950e+10 -7.3597e+10]
 [ 0.0000e+00  0.0000e+00  0.0000e+00  0.0000e+00 -5.3869e+10  3.9950e+10  1.1344e+09  4.7940e+09  0.0000e+00  0.0000e+00  0.0000e+00  0.0000e+00 -4.5672e+10  0.0000e+00  1.5114e+11  0.0000e+00 -5.3869e+10 -3.9950e+10  1.1344e+09 -4.7940e+09]
 [ 0.0000e+00  0.0000e+00  0.0000e+00  0.0000e+00  3.9950e+10 -7.3597e+10 -4.7940e+09 -9.8988e+10  0.0000e+00  0.0000e+00  0.0000e+00  0.0000e+00  0.0000e+00  1.0032e+11  0.0000e+00  2.4485e+11 -3.9950e+10 -7.3597e+10  4.7940e+09 -9.8988e+10]
 [ 0.0000e+00  0.0000e+00  0.0000e+00  0.0000e+00  0.0000e+00  0.0000e+00  0.0000e+00  0.0000e+00  0.0000e+00  0.0000e+00  0.0000e+00  0.0000e+00  1.1344e+09 -4.7940e+09 -5.3869e+10 -3.9950e+10  7.5570e+10  3.9950e+10 -2.2836e+10  4.7940e+09]
 [ 0.0000e+00  0.0000e+00  0.0000e+00  0.0000e+00  0.0000e+00  0.0000e+00  0.0000e+00  0.0000e+00  0.0000e+00  0.0000e+00  0.0000e+00  0.0000e+00  4.7940e+09 -9.8988e+10 -3.9950e+10 -7.3597e+10  3.9950e+10  1.2243e+11 -4.7940e+09  5.0160e+10]
 [ 0.0000e+00  0.0000e+00  0.0000e+00  0.0000e+00  0.0000e+00  0.0000e+00  0.0000e+00  0.0000e+00  0.0000e+00  0.0000e+00  0.0000e+00  0.0000e+00 -5.3869e+10  3.9950e+10  1.1344e+09  4.7940e+09 -2.2836e+10 -4.7940e+09  7.5570e+10 -3.9950e+10]
 [ 0.0000e+00  0.0000e+00  0.0000e+00  0.0000e+00  0.0000e+00  0.0000e+00  0.0000e+00  0.0000e+00  0.0000e+00  0.0000e+00  0.0000e+00  0.0000e+00  3.9950e+10 -7.3597e+10 -4.7940e+09 -9.8988e+10  4.7940e+09  5.0160e+10 -3.9950e+10  1.2243e+11]]

Reduced Global Stiffness Matrix (K):
[[ 1.5114e+11  0.0000e+00 -2.2836e+10 -4.7940e+09  0.0000e+00  0.0000e+00  2.2688e+09  0.0000e+00 -5.3869e+10  3.9950e+10  0.0000e+00  0.0000e+00]
 [ 0.0000e+00  2.4485e+11  4.7940e+09  5.0160e+10  0.0000e+00  0.0000e+00 -9.5367e-07 -1.9798e+11  3.9950e+10 -7.3597e+10  0.0000e+00  0.0000e+00]
 [-2.2836e+10  4.7940e+09  1.5114e+11  1.5259e-05 -2.2836e+10 -4.7940e+09 -5.3869e+10 -3.9950e+10  2.2688e+09 -9.5367e-07 -5.3869e+10  3.9950e+10]
 [-4.7940e+09  5.0160e+10  1.5259e-05  2.4485e+11  4.7940e+09  5.0160e+10 -3.9950e+10 -7.3597e+10  1.9073e-06 -1.9798e+11  3.9950e+10 -7.3597e+10]
 [ 0.0000e+00  0.0000e+00 -2.2836e+10  4.7940e+09  7.5570e+10  3.9950e+10  0.0000e+00  0.0000e+00 -5.3869e+10 -3.9950e+10  1.1344e+09 -4.7940e+09]
 [ 0.0000e+00  0.0000e+00 -4.7940e+09  5.0160e+10  3.9950e+10  1.2243e+11  0.0000e+00  0.0000e+00 -3.9950e+10 -7.3597e+10  4.7940e+09 -9.8988e+10]
 [ 2.2688e+09  9.5367e-07 -5.3869e+10 -3.9950e+10  0.0000e+00  0.0000e+00  1.5114e+11  0.0000e+00 -2.2836e+10  4.7940e+09  0.0000e+00  0.0000e+00]
 [ 0.0000e+00 -1.9798e+11 -3.9950e+10 -7.3597e+10  0.0000e+00  0.0000e+00  0.0000e+00  2.4485e+11 -4.7940e+09  5.0160e+10  0.0000e+00  0.0000e+00]
 [-5.3869e+10  3.9950e+10  2.2688e+09  1.9073e-06 -5.3869e+10 -3.9950e+10 -2.2836e+10 -4.7940e+09  2.2671e+11 -3.9950e+10 -4.5672e+10  0.0000e+00]
 [ 3.9950e+10 -7.3597e+10 -2.8610e-06 -1.9798e+11 -3.9950e+10 -7.3597e+10  4.7940e+09  5.0160e+10 -3.9950e+10  3.6728e+11  0.0000e+00  1.0032e+11]
 [ 0.0000e+00  0.0000e+00 -5.3869e+10  3.9950e+10  1.1344e+09  4.7940e+09  0.0000e+00  0.0000e+00 -4.5672e+10  0.0000e+00  1.5114e+11  0.0000e+00]
 [ 0.0000e+00  0.0000e+00  3.9950e+10 -7.3597e+10 -4.7940e+09 -9.8988e+10  0.0000e+00  0.0000e+00  0.0000e+00  1.0032e+11  0.0000e+00  2.4485e+11]]

Reduced Force Vector (f):
 [      0.      -90000.           0.      -45000.       15000.           0.      100000.     -173205.0808       0.           0.       15000.           0.    ]

Processing: Element stiffness matrix, incompatible mode.......
GP0: (ξ=-0.5774, η=-0.5774), weight=(1.0000, 1.0000)
GP1: (ξ=0.5774, η=-0.5774), weight=(1.0000, 1.0000)
GP2: (ξ=0.5774, η=0.5774), weight=(1.0000, 1.0000)
GP3: (ξ=-0.5774, η=0.5774), weight=(1.0000, 1.0000)

Processing: Element stiffness matrix, incompatible mode.......
GP0: (ξ=-0.5774, η=-0.5774), weight=(1.0000, 1.0000)
GP1: (ξ=0.5774, η=-0.5774), weight=(1.0000, 1.0000)
GP2: (ξ=0.5774, η=0.5774), weight=(1.0000, 1.0000)
GP3: (ξ=-0.5774, η=0.5774), weight=(1.0000, 1.0000)

Processing: Element stiffness matrix, incompatible mode.......
GP0: (ξ=-0.5774, η=-0.5774), weight=(1.0000, 1.0000)
GP1: (ξ=0.5774, η=-0.5774), weight=(1.0000, 1.0000)
GP2: (ξ=0.5774, η=0.5774), weight=(1.0000, 1.0000)
GP3: (ξ=-0.5774, η=0.5774), weight=(1.0000, 1.0000)

Processing: Element stiffness matrix, incompatible mode.......
GP0: (ξ=-0.5774, η=-0.5774), weight=(1.0000, 1.0000)
GP1: (ξ=0.5774, η=-0.5774), weight=(1.0000, 1.0000)
GP2: (ξ=0.5774, η=0.5774), weight=(1.0000, 1.0000)
GP3: (ξ=-0.5774, η=0.5774), weight=(1.0000, 1.0000)

Nodal Displacements (m):
Node 1: u_x = 0.000000e+00, u_y = 0.000000e+00
Node 2: u_x = 2.632230e-07, u_y = -3.821070e-06
Node 3: u_x = -9.736404e-07, u_y = -1.527341e-06
Node 4: u_x = -4.225124e-07, u_y = 5.442281e-07
Node 5: u_x = 0.000000e+00, u_y = 0.000000e+00
Node 6: u_x = 2.024290e-08, u_y = -4.197002e-06
Node 7: u_x = 5.373332e-07, u_y = -1.012259e-06
Node 8: u_x = 3.042206e-07, u_y = 3.262594e-07
Node 9: u_x = 0.000000e+00, u_y = 0.000000e+00
Node 10: u_x = 0.000000e+00, u_y = 0.000000e+00

Element Stresses (Pa):
Element 1:
  GP 1: σ_xx = 1.471540e+05,                   σ_yy = 1.525671e+05, σ_xy = -8.969064e+05
  GP 2: σ_xx = 1.471540e+05,                   σ_yy = 3.645242e+05, σ_xy = -8.969064e+05
  GP 3: σ_xx = 2.384851e+05,                   σ_yy = 3.645242e+05, σ_xy = -8.969064e+05
  GP 4: σ_xx = 2.384851e+05,                   σ_yy = 1.525671e+05, σ_xy = -8.969064e+05
Element 2:
  GP 1: σ_xx = 2.245684e+04,                   σ_yy = 6.378119e+04, σ_xy = 4.191190e+05
  GP 2: σ_xx = 2.245684e+04,                   σ_yy = -4.385889e+05, σ_xy = 4.191190e+05
  GP 3: σ_xx = -6.368177e+05,                   σ_yy = -4.385889e+05, σ_xy = 4.191190e+05
  GP 4: σ_xx = -6.368177e+05,                   σ_yy = 6.378119e+04, σ_xy = 4.191190e+05
Element 3:
  GP 1: σ_xx = -9.189446e+04,                   σ_yy = -3.301474e+05, σ_xy = 6.272708e+03
  GP 2: σ_xx = -9.189446e+04,                   σ_yy = 8.316042e+04, σ_xy = 6.272708e+03
  GP 3: σ_xx = 2.028852e+05,                   σ_yy = 8.316042e+04, σ_xy = 6.272708e+03
  GP 4: σ_xx = 2.028852e+05,                   σ_yy = -3.301474e+05, σ_xy = 6.272708e+03
Element 4:
  GP 1: σ_xx = -1.990657e+05,                   σ_yy = -8.067533e+05, σ_xy = 3.047869e+05
  GP 2: σ_xx = -1.990657e+05,                   σ_yy = -5.207197e+04, σ_xy = 3.047869e+05
  GP 3: σ_xx = -2.866879e+05,                   σ_yy = -5.207197e+04, σ_xy = 3.047869e+05
  GP 4: σ_xx = -2.866879e+05,                   σ_yy = -8.067533e+05, σ_xy = 3.047869e+05

Element Strain:
Element 1:
  GP 1: ε_xx = 4.496505e-07,             ε_yy = 4.881435e-07, ε_xy = -1.275600e-05
  GP 2: ε_xx = 2.762037e-08,             ε_yy = 1.573364e-06, ε_xy = -1.275600e-05
  GP 3: ε_xx = 4.952358e-07,             ε_yy = 1.391513e-06, ε_xy = -1.275600e-05
  GP 4: ε_xx = 9.172660e-07,             ε_yy = 3.062930e-07, ε_xy = -1.275600e-05
Element 2:
  GP 1: ε_xx = -1.201643e-08,             ε_yy = 2.818457e-07, ε_xy = 5.960803e-06
  GP 2: ε_xx = 9.882583e-07,             ε_yy = -2.290289e-06, ε_xy = 5.960803e-06
  GP 3: ε_xx = -2.387227e-06,             ε_yy = -9.776006e-07, ε_xy = 5.960803e-06
  GP 4: ε_xx = -3.387502e-06,             ε_yy = 1.594534e-06, ε_xy = 5.960803e-06
Element 3:
  GP 1: ε_xx = 1.868606e-07,             ε_yy = -1.507383e-06, ε_xy = 8.921184e-08
  GP 2: ε_xx = -6.360813e-07,             ε_yy = 6.087534e-07, ε_xy = 8.921184e-08
  GP 3: ε_xx = 8.731907e-07,             ε_yy = 2.181434e-08, ε_xy = 8.921184e-08
  GP 4: ε_xx = 1.696132e-06,             ε_yy = -2.094322e-06, ε_xy = 8.921184e-08
Element 4:
  GP 1: ε_xx = 5.871189e-07,             ε_yy = -3.734215e-06, ε_xy = 4.334748e-06
  GP 2: ε_xx = -9.155355e-07,             ε_yy = 1.297535e-07, ε_xy = 4.334748e-06
  GP 3: ε_xx = -1.364161e-06,             ε_yy = 3.042190e-07, ε_xy = 4.334748e-06
  GP 4: ε_xx = 1.384934e-07,             ε_yy = -3.559750e-06, ε_xy = 4.334748e-06

Element 1 mean stress: σ_xx = 1.928196e+05,               σ_yy = 2.585456e+05, σ_xy = -8.969064e+05

Element 2 mean stress: σ_xx = -3.071804e+05,               σ_yy = -1.874039e+05, σ_xy = 4.191190e+05

Element 3 mean stress: σ_xx = 5.549538e+04,               σ_yy = -1.234935e+05, σ_xy = 6.272708e+03

Element 4 mean stress: σ_xx = -2.428768e+05,               σ_yy = -4.294126e+05, σ_xy = 3.047869e+05

Element 1 mean strain: ε_xx = 4.724432e-07,               ε_yy = 9.398284e-07, ε_xy = -1.275600e-05

Element 2 mean strain: ε_xx = -1.199622e-06,               ε_yy = -3.478775e-07, ε_xy = 5.960803e-06

Element 3 mean strain: ε_xx = 5.300256e-07,               ε_yy = -7.427842e-07, ε_xy = 8.921184e-08

Element 4 mean strain: ε_xx = -3.885211e-07,               ε_yy = -1.714998e-06, ε_xy = 4.334748e-06

Global mass matrix:
 [[ 52.2    0.    26.1    0.     0.     0.     0.     0.    26.1    0.    13.05   0.     0.     0.     0.     0.     0.     0.     0.     0.  ]
 [  0.    52.2    0.    26.1    0.     0.     0.     0.     0.    26.1    0.    13.05   0.     0.     0.     0.     0.     0.     0.     0.  ]
 [ 26.1    0.   104.4    0.    26.1    0.     0.     0.    13.05   0.    52.2    0.    13.05   0.     0.     0.     0.     0.     0.     0.  ]
 [  0.    26.1    0.   104.4    0.    26.1    0.     0.     0.    13.05   0.    52.2    0.    13.05   0.     0.     0.     0.     0.     0.  ]
 [  0.     0.    26.1    0.   104.4    0.    26.1    0.     0.     0.    13.05   0.    52.2    0.    13.05   0.     0.     0.     0.     0.  ]
 [  0.     0.     0.    26.1    0.   104.4    0.    26.1    0.     0.     0.    13.05   0.    52.2    0.    13.05   0.     0.     0.     0.  ]
 [  0.     0.     0.     0.    26.1    0.    52.2    0.     0.     0.     0.     0.    13.05   0.    26.1    0.     0.     0.     0.     0.  ]
 [  0.     0.     0.     0.     0.    26.1    0.    52.2    0.     0.     0.     0.     0.    13.05   0.    26.1    0.     0.     0.     0.  ]
 [ 26.1    0.    13.05   0.     0.     0.     0.     0.    52.2    0.    26.1    0.     0.     0.     0.     0.     0.     0.     0.     0.  ]
 [  0.    26.1    0.    13.05   0.     0.     0.     0.     0.    52.2    0.    26.1    0.     0.     0.     0.     0.     0.     0.     0.  ]
 [ 13.05   0.    52.2    0.    13.05   0.     0.     0.    26.1    0.   104.4    0.    26.1    0.     0.     0.     0.     0.     0.     0.  ]
 [  0.    13.05   0.    52.2    0.    13.05   0.     0.     0.    26.1    0.   104.4    0.    26.1    0.     0.     0.     0.     0.     0.  ]
 [  0.     0.    13.05   0.    52.2    0.    13.05   0.     0.     0.    26.1    0.   156.6    0.    52.2    0.    26.1    0.    13.05   0.  ]
 [  0.     0.     0.    13.05   0.    52.2    0.    13.05   0.     0.     0.    26.1    0.   156.6    0.    52.2    0.    26.1    0.    13.05]
 [  0.     0.     0.     0.    13.05   0.    26.1    0.     0.     0.     0.     0.    52.2    0.   104.4    0.    13.05   0.    26.1    0.  ]
 [  0.     0.     0.     0.     0.    13.05   0.    26.1    0.     0.     0.     0.     0.    52.2    0.   104.4    0.    13.05   0.    26.1 ]
 [  0.     0.     0.     0.     0.     0.     0.     0.     0.     0.     0.     0.    26.1    0.    13.05   0.    52.2    0.    26.1    0.  ]
 [  0.     0.     0.     0.     0.     0.     0.     0.     0.     0.     0.     0.     0.    26.1    0.    13.05   0.    52.2    0.    26.1 ]
 [  0.     0.     0.     0.     0.     0.     0.     0.     0.     0.     0.     0.    13.05   0.    26.1    0.    26.1    0.    52.2    0.  ]
 [  0.     0.     0.     0.     0.     0.     0.     0.     0.     0.     0.     0.     0.    13.05   0.    26.1    0.    26.1    0.    52.2 ]]

Reduced mass matrix:
 [[104.4    0.    26.1    0.     0.     0.    52.2    0.    13.05   0.     0.     0.  ]
 [  0.   104.4    0.    26.1    0.     0.     0.    52.2    0.    13.05   0.     0.  ]
 [ 26.1    0.   104.4    0.    26.1    0.    13.05   0.    52.2    0.    13.05   0.  ]
 [  0.    26.1    0.   104.4    0.    26.1    0.    13.05   0.    52.2    0.    13.05]
 [  0.     0.    26.1    0.    52.2    0.     0.     0.    13.05   0.    26.1    0.  ]
 [  0.     0.     0.    26.1    0.    52.2    0.     0.     0.    13.05   0.    26.1 ]
 [ 52.2    0.    13.05   0.     0.     0.   104.4    0.    26.1    0.     0.     0.  ]
 [  0.    52.2    0.    13.05   0.     0.     0.   104.4    0.    26.1    0.     0.  ]
 [ 13.05   0.    52.2    0.    13.05   0.    26.1    0.   156.6    0.    52.2    0.  ]
 [  0.    13.05   0.    52.2    0.    13.05   0.    26.1    0.   156.6    0.    52.2 ]
 [  0.     0.    13.05   0.    26.1    0.     0.     0.    52.2    0.   104.4    0.  ]
 [  0.     0.     0.    13.05   0.    26.1    0.     0.     0.    52.2    0.   104.4 ]]

Eigenfrequencies (Hz):
Mode 1: f = 1577.382748 Hz
Mode 2: f = 2189.386276 Hz
Mode 3: f = 3229.170422 Hz
Mode 4: f = 4487.474529 Hz

Mode Shapes:
Mode 1: [ 0.      0.      0.0086  0.0226  0.0336  0.0191  0.0416 -0.0151  0.      0.      0.0211  0.0282  0.0164  0.0175  0.0146 -0.0124  0.      0.      0.   
   0.    ]
Mode 2: [ 0.      0.     -0.0151  0.037  -0.0135  0.0199 -0.0234  0.0088  0.      0.     -0.0054  0.0356 -0.0207  0.0124 -0.0216  0.0077  0.      0.      0.   
   0.    ]
Mode 3: [ 0.      0.     -0.0033  0.0247  0.0111 -0.0274  0.0061 -0.0555  0.      0.     -0.0106  0.0225 -0.0226 -0.0236  0.0052 -0.0338  0.      0.      0.   
   0.    ]
Mode 4: [ 0.      0.     -0.0384 -0.0224 -0.0112  0.0353  0.0664 -0.0521  0.      0.     -0.0166 -0.0242 -0.0033  0.036  -0.0127 -0.0286  0.      0.      0.   
   0.    ]

Extrapolated data:

Node       Element    Stress XX       Stress YY       Stress XY       Strain XX       Strain YY       Strain XY
--------------------------------------------------------------------------------------------------------------------
5          1          1.137245e+05    7.498539e+04    -8.969064e+05   4.329652e-07    1.574871e-07    -1.275600e-05
6          1          1.137245e+05    4.421059e+05    -8.969064e+05   -2.980125e-07   2.037144e-06    -1.275600e-05
2          1          2.719147e+05    4.421059e+05    -8.969064e+05   5.119212e-07    1.722170e-06    -1.275600e-05
1          1          2.719147e+05    7.498539e+04    -8.969064e+05   1.242899e-06    -1.574871e-07   -1.275600e-05
6          2          2.637681e+05    2.476614e+05    4.191190e+05    8.573710e-07    7.428350e-07    5.960803e-06
7          2          2.637681e+05    -6.224692e+05   4.191190e+05    2.589898e-06    -3.712234e-06   5.960803e-06
3          2          -8.781289e+05   -6.224692e+05   4.191190e+05    -3.256615e-06   -1.438590e-06   5.960803e-06
2          2          -8.781289e+05   2.476614e+05    4.191190e+05    -4.989141e-06   3.016479e-06    5.960803e-06
7          3          -1.997913e+05   -4.814286e+05   6.272708e+03    -6.435366e-08   -2.067108e-06   8.921184e-08
8          3          -1.997913e+05   2.344416e+05    6.272708e+03    -1.489731e-06   1.598148e-06    8.921184e-08
4          3          3.107821e+05    2.344416e+05    6.272708e+03    1.124405e-06    5.815393e-07    8.921184e-08
3          3          3.107821e+05    -4.814286e+05   6.272708e+03    2.549782e-06    -3.083716e-06   8.921184e-08
9          4          -1.669938e+05   -1.082986e+06   3.047869e+05    1.301337e-06    -5.212384e-06   4.334748e-06
10         4          -1.669938e+05   2.241606e+05    3.047869e+05    -1.301337e-06   1.480205e-06    4.334748e-06
8          4          -3.187599e+05   2.241606e+05    3.047869e+05    -2.078379e-06   1.782388e-06    4.334748e-06
7          4          -3.187599e+05   -1.082986e+06   3.047869e+05    5.242947e-07    -4.910201e-06   4.334748e-06

Extrapolated data - Nodal average:

Node       Element    Stress XX       Stress YY       Stress XY       Strain XX       Strain YY       Strain XY
--------------------------------------------------------------------------------------------------------------------
5          1          1.137245e+05    7.498539e+04    -8.969064e+05   4.329652e-07    1.574871e-07    -1.275600e-05
6          1          1.887463e+05    3.448836e+05    -2.388937e+05   2.796793e-07    1.389989e-06    -3.397600e-06
2          1          -3.031071e+05   3.448836e+05    -2.388937e+05   -2.238610e-06   2.369324e-06    -3.397600e-06
1          1          2.719147e+05    7.498539e+04    -8.969064e+05   1.242899e-06    -1.574871e-07   -1.275600e-05
6          2          1.887463e+05    3.448836e+05    -2.388937e+05   2.796793e-07    1.389989e-06    -3.397600e-06
7          2          -8.492770e+04   -7.289612e+05   2.433929e+05    1.016613e-06    -3.563181e-06   3.461588e-06
3          2          -2.836734e+05   -5.519489e+05   2.126958e+05    -3.534164e-07   -2.261153e-06   3.025008e-06
2          2          -3.031071e+05   3.448836e+05    -2.388937e+05   -2.238610e-06   2.369324e-06    -3.397600e-06
7          3          -8.492770e+04   -7.289612e+05   2.433929e+05    1.016613e-06    -3.563181e-06   3.461588e-06
8          3          -2.592756e+05   2.293011e+05    1.555298e+05    -1.784055e-06   1.690268e-06    2.211980e-06
4          3          3.107821e+05    2.344416e+05    6.272708e+03    1.124405e-06    5.815393e-07    8.921184e-08
3          3          -2.836734e+05   -5.519489e+05   2.126958e+05    -3.534164e-07   -2.261153e-06   3.025008e-06
9          4          -1.669938e+05   -1.082986e+06   3.047869e+05    1.301337e-06    -5.212384e-06   4.334748e-06
10         4          -1.669938e+05   2.241606e+05    3.047869e+05    -1.301337e-06   1.480205e-06    4.334748e-06
8          4          -2.592756e+05   2.293011e+05    1.555298e+05    -1.784055e-06   1.690268e-06    2.211980e-06
7          4          -8.492770e+04   -7.289612e+05   2.433929e+05    1.016613e-06    -3.563181e-06   3.461588e-06