PS C:\Users\KhanhNguyen\OneDrive\Desktop\WorkSpace\Desk\Course\MasterEngMechanics\AdvanceNumericalMethod\FinalReport\_prgWS>  c:; cd 'c:\Users\KhanhNguyen\OneDrive\Desktop\WorkSpace\Desk\Course\MasterEngMechanics\AdvanceNumericalMethod\FinalReport\_prgWS'; & 'c:\Users\KhanhNguyen\AppData\Local\Microsoft\WindowsApps\python3.11.exe' 'c:\Users\KhanhNguyen\.vscode\extensions\ms-python.debugpy-2025.8.0-win32-x64\bundled\libs\debugpy\launcher' '53237' '--' 'C:\Users\KhanhNguyen\OneDrive\Desktop\WorkSpace\Desk\Course\MasterEngMechanics\AdvanceNumericalMethod\FinalReport\_prgWS\PRG_FEM_Plane.py'

Processing: Element stiffness matrix, full integration.......

Full Integration Points (2x2 Quadrature):
GP0: (ξ=-0.5774, η=-0.5774), weight=(1.0000, 1.0000)
GP1: (ξ=0.5774, η=-0.5774), weight=(1.0000, 1.0000)
GP2: (ξ=0.5774, η=0.5774), weight=(1.0000, 1.0000)
GP3: (ξ=-0.5774, η=0.5774), weight=(1.0000, 1.0000)

Element 1:
 [[ 9.6000e+10  3.6000e+10 -6.0000e+10 -4.7684e-07 -4.8000e+10 -3.6000e+10  1.2000e+10 -9.5367e-07]
 [ 3.6000e+10  9.6000e+10 -4.7684e-07  1.2000e+10 -3.6000e+10 -4.8000e+10 -9.5367e-07 -6.0000e+10] 
 [-6.0000e+10  4.7684e-07  9.6000e+10 -3.6000e+10  1.2000e+10  4.7684e-07 -4.8000e+10  3.6000e+10] 
 [ 4.7684e-07  1.2000e+10 -3.6000e+10  9.6000e+10  4.7684e-07 -6.0000e+10  3.6000e+10 -4.8000e+10] 
 [-4.8000e+10 -3.6000e+10  1.2000e+10  0.0000e+00  9.6000e+10  3.6000e+10 -6.0000e+10 -9.5367e-07] 
 [-3.6000e+10 -4.8000e+10  0.0000e+00 -6.0000e+10  3.6000e+10  9.6000e+10 -9.5367e-07  1.2000e+10] 
 [ 1.2000e+10  0.0000e+00 -4.8000e+10  3.6000e+10 -6.0000e+10  9.5367e-07  9.6000e+10 -3.6000e+10] 
 [ 0.0000e+00 -6.0000e+10  3.6000e+10 -4.8000e+10  9.5367e-07  1.2000e+10 -3.6000e+10  9.6000e+10]]

Processing: Element stiffness matrix, full integration.......

Full Integration Points (2x2 Quadrature):
GP0: (ξ=-0.5774, η=-0.5774), weight=(1.0000, 1.0000)
GP1: (ξ=0.5774, η=-0.5774), weight=(1.0000, 1.0000)
GP2: (ξ=0.5774, η=0.5774), weight=(1.0000, 1.0000)
GP3: (ξ=-0.5774, η=0.5774), weight=(1.0000, 1.0000)

Element 2:
 [[ 9.6000e+10  3.6000e+10 -6.0000e+10 -4.7684e-07 -4.8000e+10 -3.6000e+10  1.2000e+10 -9.5367e-07]
 [ 3.6000e+10  9.6000e+10 -4.7684e-07  1.2000e+10 -3.6000e+10 -4.8000e+10 -9.5367e-07 -6.0000e+10]
 [-6.0000e+10  4.7684e-07  9.6000e+10 -3.6000e+10  1.2000e+10  4.7684e-07 -4.8000e+10  3.6000e+10]
 [ 4.7684e-07  1.2000e+10 -3.6000e+10  9.6000e+10  4.7684e-07 -6.0000e+10  3.6000e+10 -4.8000e+10]
 [-4.8000e+10 -3.6000e+10  1.2000e+10  0.0000e+00  9.6000e+10  3.6000e+10 -6.0000e+10 -9.5367e-07]
 [-3.6000e+10 -4.8000e+10  0.0000e+00 -6.0000e+10  3.6000e+10  9.6000e+10 -9.5367e-07  1.2000e+10]
 [ 1.2000e+10  0.0000e+00 -4.8000e+10  3.6000e+10 -6.0000e+10  9.5367e-07  9.6000e+10 -3.6000e+10]
 [ 0.0000e+00 -6.0000e+10  3.6000e+10 -4.8000e+10  9.5367e-07  1.2000e+10 -3.6000e+10  9.6000e+10]]

Processing: Element stiffness matrix, full integration.......

Full Integration Points (2x2 Quadrature):
GP0: (ξ=-0.5774, η=-0.5774), weight=(1.0000, 1.0000)
GP1: (ξ=0.5774, η=-0.5774), weight=(1.0000, 1.0000)
GP2: (ξ=0.5774, η=0.5774), weight=(1.0000, 1.0000)
GP3: (ξ=-0.5774, η=0.5774), weight=(1.0000, 1.0000)

Element 3:
 [[ 9.6000e+10  3.6000e+10 -6.0000e+10  0.0000e+00 -4.8000e+10 -3.6000e+10  1.2000e+10 -1.9073e-06]
 [ 3.6000e+10  9.6000e+10  0.0000e+00  1.2000e+10 -3.6000e+10 -4.8000e+10 -1.9073e-06 -6.0000e+10]
 [-6.0000e+10  0.0000e+00  9.6000e+10 -3.6000e+10  1.2000e+10  1.4305e-06 -4.8000e+10  3.6000e+10]
 [ 0.0000e+00  1.2000e+10 -3.6000e+10  9.6000e+10  1.4305e-06 -6.0000e+10  3.6000e+10 -4.8000e+10]
 [-4.8000e+10 -3.6000e+10  1.2000e+10 -9.5367e-07  9.6000e+10  3.6000e+10 -6.0000e+10  0.0000e+00]
 [-3.6000e+10 -4.8000e+10 -9.5367e-07 -6.0000e+10  3.6000e+10  9.6000e+10  0.0000e+00  1.2000e+10]
 [ 1.2000e+10  9.5367e-07 -4.8000e+10  3.6000e+10 -6.0000e+10  0.0000e+00  9.6000e+10 -3.6000e+10]
 [ 9.5367e-07 -6.0000e+10  3.6000e+10 -4.8000e+10  0.0000e+00  1.2000e+10 -3.6000e+10  9.6000e+10]]

Processing: Element stiffness matrix, full integration.......

Full Integration Points (2x2 Quadrature):
GP0: (ξ=-0.5774, η=-0.5774), weight=(1.0000, 1.0000)
GP1: (ξ=0.5774, η=-0.5774), weight=(1.0000, 1.0000)
GP2: (ξ=0.5774, η=0.5774), weight=(1.0000, 1.0000)
GP3: (ξ=-0.5774, η=0.5774), weight=(1.0000, 1.0000)

Element 4:
 [[ 9.6000e+10  3.6000e+10 -6.0000e+10 -4.7684e-07 -4.8000e+10 -3.6000e+10  1.2000e+10 -9.5367e-07]
 [ 3.6000e+10  9.6000e+10 -4.7684e-07  1.2000e+10 -3.6000e+10 -4.8000e+10 -9.5367e-07 -6.0000e+10]
 [-6.0000e+10  4.7684e-07  9.6000e+10 -3.6000e+10  1.2000e+10  4.7684e-07 -4.8000e+10  3.6000e+10]
 [ 4.7684e-07  1.2000e+10 -3.6000e+10  9.6000e+10  4.7684e-07 -6.0000e+10  3.6000e+10 -4.8000e+10]
 [-4.8000e+10 -3.6000e+10  1.2000e+10  0.0000e+00  9.6000e+10  3.6000e+10 -6.0000e+10 -9.5367e-07]
 [-3.6000e+10 -4.8000e+10  0.0000e+00 -6.0000e+10  3.6000e+10  9.6000e+10 -9.5367e-07  1.2000e+10]
 [ 1.2000e+10  0.0000e+00 -4.8000e+10  3.6000e+10 -6.0000e+10  9.5367e-07  9.6000e+10 -3.6000e+10]
 [ 0.0000e+00 -6.0000e+10  3.6000e+10 -4.8000e+10  9.5367e-07  1.2000e+10 -3.6000e+10  9.6000e+10]]

Global Stiffness Matrix (K):
 [[ 9.6000e+10  3.6000e+10 -6.0000e+10 -4.7684e-07  0.0000e+00  0.0000e+00  0.0000e+00  0.0000e+00  1.2000e+10 -9.5367e-07 -4.8000e+10 -3.6000e+10  0.0000e+00  0.0000e+00  
0.0000e+00  0.0000e+00  0.0000e+00  0.0000e+00  0.0000e+00  0.0000e+00]
 [ 3.6000e+10  9.6000e+10 -4.7684e-07  1.2000e+10  0.0000e+00  0.0000e+00  0.0000e+00  0.0000e+00 -9.5367e-07 -6.0000e+10 -3.6000e+10 -4.8000e+10  0.0000e+00  0.0000e+00  0.0000e+00  0.0000e+00  0.0000e+00  0.0000e+00  0.0000e+00  0.0000e+00]
 [-6.0000e+10  4.7684e-07  2.8800e+11 -3.6000e+10 -1.2000e+11  4.7684e-07  0.0000e+00  0.0000e+00 -4.8000e+10  3.6000e+10  2.4000e+10 -4.7684e-07 -4.8000e+10 -3.6000e+10  0.0000e+00  0.0000e+00  1.2000e+10  0.0000e+00 -4.8000e+10  3.6000e+10]
 [ 4.7684e-07  1.2000e+10 -3.6000e+10  2.8800e+11  4.7684e-07  2.4000e+10  0.0000e+00  0.0000e+00  3.6000e+10 -4.8000e+10 -4.7684e-07 -1.2000e+11 -3.6000e+10 -4.8000e+10  0.0000e+00  0.0000e+00  0.0000e+00 -6.0000e+10  3.6000e+10 -4.8000e+10]
 [ 0.0000e+00  0.0000e+00 -1.2000e+11 -4.7684e-07  2.8800e+11  3.6000e+10 -6.0000e+10  0.0000e+00  0.0000e+00  0.0000e+00 -4.8000e+10  3.6000e+10  2.4000e+10 -1.4305e-06 -4.8000e+10 -3.6000e+10 -4.8000e+10 -3.6000e+10  1.2000e+10  0.0000e+00]
 [ 0.0000e+00  0.0000e+00 -4.7684e-07  2.4000e+10  3.6000e+10  2.8800e+11  0.0000e+00  1.2000e+10  0.0000e+00  0.0000e+00  3.6000e+10 -4.8000e+10 -1.4305e-06 -1.2000e+11 -3.6000e+10 -4.8000e+10 -3.6000e+10 -4.8000e+10  0.0000e+00 -6.0000e+10]
 [ 0.0000e+00  0.0000e+00  0.0000e+00  0.0000e+00 -6.0000e+10  0.0000e+00  9.6000e+10 -3.6000e+10  0.0000e+00  0.0000e+00  0.0000e+00  0.0000e+00 -4.8000e+10  3.6000e+10  1.2000e+10  1.4305e-06  0.0000e+00  0.0000e+00  0.0000e+00  0.0000e+00]
 [ 0.0000e+00  0.0000e+00  0.0000e+00  0.0000e+00  0.0000e+00  1.2000e+10 -3.6000e+10  9.6000e+10  0.0000e+00  0.0000e+00  0.0000e+00  0.0000e+00  3.6000e+10 -4.8000e+10  1.4305e-06 -6.0000e+10  0.0000e+00  0.0000e+00  0.0000e+00  0.0000e+00]
 [ 1.2000e+10  0.0000e+00 -4.8000e+10  3.6000e+10  0.0000e+00  0.0000e+00  0.0000e+00  0.0000e+00  9.6000e+10 -3.6000e+10 -6.0000e+10  9.5367e-07  0.0000e+00  0.0000e+00  0.0000e+00  0.0000e+00  0.0000e+00  0.0000e+00  0.0000e+00  0.0000e+00]
 [ 0.0000e+00 -6.0000e+10  3.6000e+10 -4.8000e+10  0.0000e+00  0.0000e+00  0.0000e+00  0.0000e+00 -3.6000e+10  9.6000e+10  9.5367e-07  1.2000e+10  0.0000e+00  0.0000e+00  0.0000e+00  0.0000e+00  0.0000e+00  0.0000e+00  0.0000e+00  0.0000e+00]
 [-4.8000e+10 -3.6000e+10  2.4000e+10  0.0000e+00 -4.8000e+10  3.6000e+10  0.0000e+00  0.0000e+00 -6.0000e+10 -9.5367e-07  1.9200e+11  0.0000e+00 -6.0000e+10  9.5367e-07  0.0000e+00  0.0000e+00  0.0000e+00  0.0000e+00  0.0000e+00  0.0000e+00]
 [-3.6000e+10 -4.8000e+10  0.0000e+00 -1.2000e+11  3.6000e+10 -4.8000e+10  0.0000e+00  0.0000e+00 -9.5367e-07  1.2000e+10  0.0000e+00  1.9200e+11  9.5367e-07  1.2000e+10  0.0000e+00  0.0000e+00  0.0000e+00  0.0000e+00  0.0000e+00  0.0000e+00]
 [ 0.0000e+00  0.0000e+00 -4.8000e+10 -3.6000e+10  2.4000e+10  9.5367e-07 -4.8000e+10  3.6000e+10  0.0000e+00  0.0000e+00 -6.0000e+10 -9.5367e-07  1.9200e+11 -7.6294e-06 -6.0000e+10  0.0000e+00  0.0000e+00  0.0000e+00  0.0000e+00  0.0000e+00]
 [ 0.0000e+00  0.0000e+00 -3.6000e+10 -4.8000e+10  9.5367e-07 -1.2000e+11  3.6000e+10 -4.8000e+10  0.0000e+00  0.0000e+00 -9.5367e-07  1.2000e+10 -7.6294e-06  1.9200e+11  0.0000e+00  1.2000e+10  0.0000e+00  0.0000e+00  0.0000e+00  0.0000e+00]
 [ 0.0000e+00  0.0000e+00  0.0000e+00  0.0000e+00 -4.8000e+10 -3.6000e+10  1.2000e+10 -9.5367e-07  0.0000e+00  0.0000e+00  0.0000e+00  0.0000e+00 -6.0000e+10  0.0000e+00  9.6000e+10  3.6000e+10  0.0000e+00  0.0000e+00  0.0000e+00  0.0000e+00]
 [ 0.0000e+00  0.0000e+00  0.0000e+00  0.0000e+00 -3.6000e+10 -4.8000e+10 -9.5367e-07 -6.0000e+10  0.0000e+00  0.0000e+00  0.0000e+00  0.0000e+00  0.0000e+00  1.2000e+10  3.6000e+10  9.6000e+10  0.0000e+00  0.0000e+00  0.0000e+00  0.0000e+00]
 [ 0.0000e+00  0.0000e+00  1.2000e+10 -9.5367e-07 -4.8000e+10 -3.6000e+10  0.0000e+00  0.0000e+00  0.0000e+00  0.0000e+00  0.0000e+00  0.0000e+00  0.0000e+00  0.0000e+00  0.0000e+00  0.0000e+00  9.6000e+10  3.6000e+10 -6.0000e+10 -4.7684e-07]
 [ 0.0000e+00  0.0000e+00 -9.5367e-07 -6.0000e+10 -3.6000e+10 -4.8000e+10  0.0000e+00  0.0000e+00  0.0000e+00  0.0000e+00  0.0000e+00  0.0000e+00  0.0000e+00  0.0000e+00  0.0000e+00  0.0000e+00  3.6000e+10  9.6000e+10 -4.7684e-07  1.2000e+10]
 [ 0.0000e+00  0.0000e+00 -4.8000e+10  3.6000e+10  1.2000e+10  4.7684e-07  0.0000e+00  0.0000e+00  0.0000e+00  0.0000e+00  0.0000e+00  0.0000e+00  0.0000e+00  0.0000e+00  0.0000e+00  0.0000e+00 -6.0000e+10  4.7684e-07  9.6000e+10 -3.6000e+10]
 [ 0.0000e+00  0.0000e+00  3.6000e+10 -4.8000e+10  4.7684e-07 -6.0000e+10  0.0000e+00  0.0000e+00  0.0000e+00  0.0000e+00  0.0000e+00  0.0000e+00  0.0000e+00  0.0000e+00  0.0000e+00  0.0000e+00  4.7684e-07  1.2000e+10 -3.6000e+10  9.6000e+10]]

Reduced Global Stiffness Matrix (K):
 [[ 2.8800e+11 -3.6000e+10 -1.2000e+11  4.7684e-07  2.4000e+10 -4.7684e-07 -4.8000e+10 -3.6000e+10  0.0000e+00  0.0000e+00  1.2000e+10  0.0000e+00]
 [-3.6000e+10  2.8800e+11  4.7684e-07  2.4000e+10 -4.7684e-07 -1.2000e+11 -3.6000e+10 -4.8000e+10  0.0000e+00  0.0000e+00  0.0000e+00 -6.0000e+10]
 [-1.2000e+11 -4.7684e-07  2.8800e+11  3.6000e+10 -4.8000e+10  3.6000e+10  2.4000e+10 -1.4305e-06 -4.8000e+10 -3.6000e+10 -4.8000e+10 -3.6000e+10]
 [-4.7684e-07  2.4000e+10  3.6000e+10  2.8800e+11  3.6000e+10 -4.8000e+10 -1.4305e-06 -1.2000e+11 -3.6000e+10 -4.8000e+10 -3.6000e+10 -4.8000e+10]
 [ 2.4000e+10  0.0000e+00 -4.8000e+10  3.6000e+10  1.9200e+11  0.0000e+00 -6.0000e+10  9.5367e-07  0.0000e+00  0.0000e+00  0.0000e+00  0.0000e+00]
 [ 0.0000e+00 -1.2000e+11  3.6000e+10 -4.8000e+10  0.0000e+00  1.9200e+11  9.5367e-07  1.2000e+10  0.0000e+00  0.0000e+00  0.0000e+00  0.0000e+00]
 [-4.8000e+10 -3.6000e+10  2.4000e+10  9.5367e-07 -6.0000e+10 -9.5367e-07  1.9200e+11 -7.6294e-06 -6.0000e+10  0.0000e+00  0.0000e+00  0.0000e+00]
 [-3.6000e+10 -4.8000e+10  9.5367e-07 -1.2000e+11 -9.5367e-07  1.2000e+10 -7.6294e-06  1.9200e+11  0.0000e+00  1.2000e+10  0.0000e+00  0.0000e+00]
 [ 0.0000e+00  0.0000e+00 -4.8000e+10 -3.6000e+10  0.0000e+00  0.0000e+00 -6.0000e+10  0.0000e+00  9.6000e+10  3.6000e+10  0.0000e+00  0.0000e+00]
 [ 0.0000e+00  0.0000e+00 -3.6000e+10 -4.8000e+10  0.0000e+00  0.0000e+00  0.0000e+00  1.2000e+10  3.6000e+10  9.6000e+10  0.0000e+00  0.0000e+00]
 [ 1.2000e+10 -9.5367e-07 -4.8000e+10 -3.6000e+10  0.0000e+00  0.0000e+00  0.0000e+00  0.0000e+00  0.0000e+00  0.0000e+00  9.6000e+10  3.6000e+10]
 [-9.5367e-07 -6.0000e+10 -3.6000e+10 -4.8000e+10  0.0000e+00  0.0000e+00  0.0000e+00  0.0000e+00  0.0000e+00  0.0000e+00  3.6000e+10  9.6000e+10]]

Reduced Force Vector (f):
 [ 0.0000e+00  0.0000e+00  0.0000e+00  0.0000e+00  0.0000e+00 -1.5000e+09  0.0000e+00 -1.5000e+09  0.0000e+00 -7.5000e+08 -1.7321e+08 -1.0000e+08]

Nodal Displacements (m):
Node 1: u_x = 0.000000e+00, u_y = 0.000000e+00
Node 2: u_x = -7.674101e-03, u_y = -1.763349e-02
Node 3: u_x = -3.264614e-03, u_y = -1.833043e-02
Node 4: u_x = 0.000000e+00, u_y = 0.000000e+00
Node 5: u_x = 0.000000e+00, u_y = 0.000000e+00
Node 6: u_x = 1.403728e-03, u_y = -2.136536e-02
Node 7: u_x = -6.964278e-03, u_y = -2.301712e-02
Node 8: u_x = -8.275887e-03, u_y = -1.222135e-02
Node 9: u_x = -1.084112e-03, u_y = -2.204550e-02
Node 10: u_x = 0.000000e+00, u_y = 0.000000e+00

Maximum y-displacement: u_y = 0.000000e+00 m at Node 1

Minimum y-displacement: u_y = -2.301712e-02 m at Node 7

Element Stresses (Pa):
Element 1:
  GP 1: σ_xx = -4.333398e+09,                   σ_yy = -1.949193e+09, σ_xy = -3.960902e+09
  GP 2: σ_xx = -4.850500e+09,                   σ_yy = -3.500499e+09, σ_xy = -2.703041e+09
  GP 3: σ_xx = -1.076917e+09,                   σ_yy = -2.242638e+09, σ_xy = -3.220143e+09
  GP 4: σ_xx = -5.598153e+08,                   σ_yy = -6.913318e+08, σ_xy = -4.478004e+09
Element 2:
  GP 1: σ_xx = 2.866115e+08,                   σ_yy = -2.421993e+09, σ_xy = 1.314938e+09
  GP 2: σ_xx = 1.543074e+08,                   σ_yy = -2.818905e+09, σ_xy = -4.555630e+08
  GP 3: σ_xx = -5.157197e+09,                   σ_yy = -4.589407e+09, σ_xy = -5.878671e+08
  GP 4: σ_xx = -5.024893e+09,                   σ_yy = -4.192495e+09, σ_xy = 1.182634e+09
Element 3:
  GP 1: σ_xx = 1.472844e+08,                   σ_yy = -3.969432e+09, σ_xy = 2.897145e+09
  GP 2: σ_xx = -8.967492e+08,                   σ_yy = -7.101532e+09, σ_xy = 2.263045e+09
  GP 3: σ_xx = -2.799049e+09,                   σ_yy = -7.735632e+09, σ_xy = 1.219011e+09
  GP 4: σ_xx = -1.755016e+09,                   σ_yy = -4.603532e+09, σ_xy = 1.853111e+09
Element 4:
  GP 1: σ_xx = 1.191962e+09,                   σ_yy = 1.451397e+08, σ_xy = 2.724529e+09
  GP 2: σ_xx = -1.959324e+09,                   σ_yy = -9.308716e+09, σ_xy = 3.185307e+09
  GP 3: σ_xx = -5.769912e+08,                   σ_yy = -8.847939e+09, σ_xy = 3.402145e+07
  GP 4: σ_xx = 2.574294e+09,                   σ_yy = 6.059172e+08, σ_xy = -4.267561e+08

Element Strain:
Element 1:
  GP 1: ε_xx = -1.918577e-02,             ε_yy = -2.628785e-03, ε_xy = -5.501252e-02
  GP 2: ε_xx = -1.918577e-02,             ε_yy = -9.810759e-03, ε_xy = -3.754223e-02
  GP 3: ε_xx = -1.715476e-03,             ε_yy = -9.810759e-03, ε_xy = -4.472421e-02
  GP 4: ε_xx = -1.715476e-03,             ε_yy = -2.628785e-03, ε_xy = -6.219450e-02
Element 2:
  GP 1: ε_xx = 5.697617e-03,             ε_yy = -1.311214e-02, ε_xy = 1.826303e-02
  GP 2: ε_xx = 5.697617e-03,             ε_yy = -1.494969e-02, ε_xy = -6.327264e-03
  GP 3: ε_xx = -1.889268e-02,             ε_yy = -1.494969e-02, ε_xy = -8.164821e-03
  GP 4: ε_xx = -1.889268e-02,             ε_yy = -1.311214e-02, ε_xy = 1.642548e-02
Element 3:
  GP 1: ε_xx = 7.658481e-03,             ε_yy = -2.092983e-02, ε_xy = 4.023812e-02
  GP 2: ε_xx = 7.658481e-03,             ε_yy = -3.543029e-02, ε_xy = 3.143118e-02
  GP 3: ε_xx = -1.148464e-03,             ε_yy = -3.543029e-02, ε_xy = 1.693071e-02
  GP 4: ε_xx = -1.148464e-03,             ε_yy = -2.092983e-02, ε_xy = 2.573766e-02
Element 4:
  GP 1: ε_xx = 5.956155e-03,             ε_yy = -1.313442e-03, ε_xy = 3.784068e-02
  GP 2: ε_xx = 5.956155e-03,             ε_yy = -4.508129e-02, ε_xy = 4.424037e-02
  GP 3: ε_xx = 1.235584e-02,             ε_yy = -4.508129e-02, ε_xy = 4.725201e-04
  GP 4: ε_xx = 1.235584e-02,             ε_yy = -1.313442e-03, ε_xy = -5.927168e-03

Element 1 mean stress: σ_xx = -2.705158e+09,               σ_yy = -2.095916e+09, σ_xy = -3.590522e+09

Element 2 mean stress: σ_xx = -2.435293e+09,               σ_yy = -3.505700e+09, σ_xy = 3.635356e+08

Element 3 mean stress: σ_xx = -1.325882e+09,               σ_yy = -5.852532e+09, σ_xy = 2.058078e+09

Element 4 mean stress: σ_xx = 3.074852e+08,               σ_yy = -4.351400e+09, σ_xy = 1.379275e+09

Element 1 mean strain: ε_xx = -1.045062e-02,               ε_yy = -6.219772e-03, ε_xy = -4.986837e-02

Element 2 mean strain: ε_xx = -6.597532e-03,               ε_yy = -1.403092e-02, ε_xy = 5.049106e-03

Element 3 mean strain: ε_xx = 3.255008e-03,               ε_yy = -2.818006e-02, ε_xy = 2.858442e-02

Element 4 mean strain: ε_xx = 9.155999e-03,               ε_yy = -2.319737e-02, ε_xy = 1.915660e-02

Extrapolated data:

Node       Element    Stress XX       Stress YY       Stress XY       Strain XX       Strain YY       Strain XY
--------------------------------------------------------------------------------------------------------------------
1          1          -5.525353e+09   -1.841784e+09   -4.232038e+09   -2.558034e-02   -8.714615e-19   -5.877831e-02
2          1          -6.421000e+09   -4.528726e+09   -2.053359e+09   -2.558034e-02   -1.243954e-02   -2.851888e-02
6          1          1.150372e+08    -2.350047e+09   -2.949006e+09   4.679095e-03    -1.243954e-02   -4.095842e-02
5          1          1.010684e+09    3.368948e+08    -5.127685e+09   4.679095e-03    -1.182414e-18   -7.121785e-02
2          2          2.279184e+09    -1.628665e+09   2.011414e+09    1.469829e-02    -1.243954e-02   2.793630e-02
3          2          2.050026e+09    -2.316137e+09   -1.055185e+09   1.469829e-02    -1.562229e-02   -1.465535e-02
7          2          -7.149769e+09   -5.382735e+09   -1.284342e+09   -2.789335e-02   -1.562229e-02   -1.783809e-02
6          2          -6.920612e+09   -4.695263e+09   1.782256e+09    -2.789335e-02   -1.243954e-02   2.475356e-02
3          3          1.225717e+09    -2.590907e+09   3.511384e+09    1.088205e-02    -1.562229e-02   4.876923e-02
4          3          -5.826018e+08   -8.015864e+09   2.413091e+09    1.088205e-02    -4.073783e-02   3.351515e-02
8          3          -3.877482e+09   -9.114157e+09   6.047718e+08    -4.372030e-03   -4.073783e-02   8.399608e-03
7          3          -2.069163e+09   -3.689200e+09   1.703065e+09    -4.372030e-03   -1.562229e-02   2.365368e-02
9          4          1.839443e+09    3.436835e+09    3.709324e+09    3.613706e-03    1.470670e-02    5.151838e-02
10         4          -3.618743e+09   -1.293772e+10   4.507414e+09    3.613706e-03    -6.110144e-02   6.260297e-02
3          4          -1.224473e+09   -1.213963e+10   -9.507728e+08   1.469829e-02    -6.110144e-02   -1.320518e-02
2          4          4.233714e+09    4.234925e+09    -1.748863e+09   1.469829e-02    1.470670e-02    -2.428976e-02

Extrapolated data - Nodal average:

Node       Element    Stress XX       Stress YY       Stress XY       Strain XX       Strain YY       Strain XY
--------------------------------------------------------------------------------------------------------------------
1          1          -5.525353e+09   -1.841784e+09   -4.232038e+09   -2.558034e-02   -8.714615e-19   -5.877831e-02
2          1          3.063242e+07    -6.408218e+08   -5.969361e+08   1.272082e-03    -3.390795e-03   -8.290780e-03
6          1          -3.402787e+09   -3.522655e+09   -5.833751e+08   -1.160713e-02   -1.243954e-02   -8.102432e-03
5          1          1.010684e+09    3.368948e+08    -5.127685e+09   4.679095e-03    -1.182414e-18   -7.121785e-02
2          2          3.063242e+07    -6.408218e+08   -5.969361e+08   1.272082e-03    -3.390795e-03   -8.290780e-03
3          2          6.837569e+08    -5.682226e+09   5.018089e+08    1.342621e-02    -3.078200e-02   6.969568e-03
7          2          -4.609466e+09   -4.535968e+09   2.093614e+08    -1.613269e-02   -1.562229e-02   2.907798e-03
6          2          -3.402787e+09   -3.522655e+09   -5.833751e+08   -1.160713e-02   -1.243954e-02   -8.102432e-03
3          3          6.837569e+08    -5.682226e+09   5.018089e+08    1.342621e-02    -3.078200e-02   6.969568e-03
4          3          -5.826018e+08   -8.015864e+09   2.413091e+09    1.088205e-02    -4.073783e-02   3.351515e-02
8          3          -3.877482e+09   -9.114157e+09   6.047718e+08    -4.372030e-03   -4.073783e-02   8.399608e-03
7          3          -4.609466e+09   -4.535968e+09   2.093614e+08    -1.613269e-02   -1.562229e-02   2.907798e-03
9          4          1.839443e+09    3.436835e+09    3.709324e+09    3.613706e-03    1.470670e-02    5.151838e-02
10         4          -3.618743e+09   -1.293772e+10   4.507414e+09    3.613706e-03    -6.110144e-02   6.260297e-02
3          4          6.837569e+08    -5.682226e+09   5.018089e+08    1.342621e-02    -3.078200e-02   6.969568e-03
2          4          3.063242e+07    -6.408218e+08   -5.969361e+08   1.272082e-03    -3.390795e-03   -8.290780e-03
